number,timestamp1,timestamp2
1,1555312669499,1555312669998
2,1555312669545,1555312670053
3,1555312669588,1555312670072
4,1555312669637,1555312670119
5,1555312669679,1555312670142
6,1555312669721,1555312670174
7,1555312669763,1555312670239
8,1555312669803,1555312670282
9,1555312669846,1555312670309
10,1555312669893,1555312670355
11,1555312669934,1555312670408
12,1555312669979,1555312670450
13,1555312670020,1555312670504
14,1555312670061,1555312670508
15,1555312670103,1555312670563
16,1555312670144,1555312670630
17,1555312670187,1555312670653
18,1555312670230,1555312670693
19,1555312670272,1555312670718
20,1555312670316,1555312670769
21,1555312670357,1555312670816
22,1555312670398,1555312670870
23,1555312670443,1555312670897
24,1555312670485,1555312670954
25,1555312670526,1555312670975
26,1555312670567,1555312671041
27,1555312670608,1555312671076
28,1555312670647,1555312671130
29,1555312670689,1555312671136
30,1555312670731,1555312671193
31,1555312670775,1555312671229
32,1555312670818,1555312671301
33,1555312670862,1555312671339
34,1555312670902,1555312671370
35,1555312670943,1555312671452
36,1555312670985,1555312671473
37,1555312671025,1555312671485
38,1555312671073,1555312671563
39,1555312671115,1555312671606
40,1555312671156,1555312671639
41,1555312671197,1555312671644
42,1555312671238,1555312671702
43,1555312671279,1555312671765
44,1555312671319,1555312671804
45,1555312671362,1555312671849
46,1555312671403,1555312671889
47,1555312671444,1555312671933
48,1555312671485,1555312671940
49,1555312671526,1555312671972
50,1555312671569,1555312672044
51,1555312671611,1555312672068
52,1555312671652,1555312672125
53,1555312671693,1555312672169
54,1555312671734,1555312672211
55,1555312671774,1555312672245
56,1555312671815,1555312672262
57,1555312671862,1555312672349
58,1555312671904,1555312672375
59,1555312671945,1555312672422
60,1555312671986,1555312672433
61,1555312672027,1555312672498
62,1555312672069,1555312672524
63,1555312672109,1555312672570
64,1555312672150,1555312672621
65,1555312672196,1555312672660
66,1555312672237,1555312672707
67,1555312672281,1555312672739
68,1555312672323,1555312672767
69,1555312672364,1555312672829
70,1555312672407,1555312672865
71,1555312672452,1555312672933
72,1555312672494,1555312672954
73,1555312672534,1555312673002
74,1555312672576,1555312673035
75,1555312672618,1555312673092
76,1555312672660,1555312673126
77,1555312672702,1555312673134
78,1555312672743,1555312673191
79,1555312672784,1555312673240
80,1555312672825,1555312673264
81,1555312672866,1555312673361
82,1555312672907,1555312673396
83,1555312672947,1555312673400
84,1555312672987,1555312673474
85,1555312673027,1555312673512
86,1555312673068,1555312673531
87,1555312673111,1555312673619
88,1555312673154,1555312673632
89,1555312673195,1555312673657
90,1555312673236,1555312673688
91,1555312673276,1555312673715
92,1555312673317,1555312673750
93,1555312673358,1555312673825
94,1555312673398,1555312673873
95,1555312673439,1555312673940
96,1555312673480,1555312673958
97,1555312673522,1555312673961
98,1555312673563,1555312674002
100,1555312673645,1555312674083
99,1555312673604,1555312674085
101,1555312673685,1555312674143
102,1555312673726,1555312674199
103,1555312673766,1555312674209
104,1555312673808,1555312674259
105,1555312673847,1555312674286
106,1555312673888,1555312674343
107,1555312673929,1555312674387
108,1555312673970,1555312674430
109,1555312674011,1555312674507
110,1555312674053,1555312674507
111,1555312674094,1555312674572
113,1555312674176,1555312674607
112,1555312674135,1555312674613
114,1555312674216,1555312674663
115,1555312674257,1555312674689
117,1555312674338,1555312674769
116,1555312674297,1555312674785
118,1555312674379,1555312674847
119,1555312674419,1555312674870
120,1555312674458,1555312674933
121,1555312674498,1555312674945
122,1555312674539,1555312674974
123,1555312674580,1555312675034
124,1555312674620,1555312675064
125,1555312674661,1555312675124
126,1555312674702,1555312675147
127,1555312674742,1555312675187
128,1555312674783,1555312675236
129,1555312674824,1555312675272
130,1555312674864,1555312675315
131,1555312674904,1555312675366
132,1555312674945,1555312675391
133,1555312674985,1555312675461
134,1555312675026,1555312675467
135,1555312675067,1555312675512
136,1555312675107,1555312675595
137,1555312675147,1555312675622
138,1555312675187,1555312675646
139,1555312675228,1555312675671
140,1555312675269,1555312675738
141,1555312675311,1555312675802
142,1555312675353,1555312675818
143,1555312675395,1555312675841
144,1555312675438,1555312675889
145,1555312675481,1555312675949
146,1555312675521,1555312676009
147,1555312675562,1555312676011
148,1555312675604,1555312676084
149,1555312675646,1555312676127
150,1555312675688,1555312676164
151,1555312675728,1555312676188
152,1555312675770,1555312676221
153,1555312675812,1555312676278
154,1555312675857,1555312676321
155,1555312675897,1555312676359
156,1555312675939,1555312676389
157,1555312675980,1555312676422
158,1555312676021,1555312676520
159,1555312676062,1555312676529
160,1555312676104,1555312676555
161,1555312676146,1555312676586
162,1555312676189,1555312676656
163,1555312676230,1555312676662
164,1555312676271,1555312676722
165,1555312676313,1555312676757
166,1555312676355,1555312676818
167,1555312676396,1555312676846
168,1555312676439,1555312676878
169,1555312676481,1555312676950
170,1555312676522,1555312676987
171,1555312676565,1555312677034
172,1555312676610,1555312677093
173,1555312676652,1555312677118
174,1555312676694,1555312677170
175,1555312676734,1555312677193
176,1555312676776,1555312677239
177,1555312676818,1555312677290
178,1555312676860,1555312677333
179,1555312676901,1555312677356
180,1555312676941,1555312677393
181,1555312676984,1555312677456
182,1555312677027,1555312677493
183,1555312677068,1555312677514
184,1555312677109,1555312677561
185,1555312677150,1555312677610
186,1555312677194,1555312677670
187,1555312677240,1555312677703
188,1555312677282,1555312677750
189,1555312677323,1555312677770
190,1555312677364,1555312677817
191,1555312677406,1555312677860
192,1555312677449,1555312677912
193,1555312677491,1555312677963
194,1555312677532,1555312677994
195,1555312677573,1555312678012
196,1555312677614,1555312678089
197,1555312677654,1555312678126
198,1555312677699,1555312678161
199,1555312677741,1555312678202
200,1555312677784,1555312678222
201,1555312677824,1555312678270
202,1555312677865,1555312678304
203,1555312677906,1555312678385
204,1555312677949,1555312678413
205,1555312677990,1555312678467
206,1555312678031,1555312678483
207,1555312678072,1555312678511
208,1555312678113,1555312678592
209,1555312678155,1555312678628
210,1555312678197,1555312678660
211,1555312678239,1555312678686
212,1555312678279,1555312678715
213,1555312678321,1555312678776
215,1555312678404,1555312678843
214,1555312678364,1555312678845
216,1555312678447,1555312678909
217,1555312678490,1555312678979
218,1555312678530,1555312679011
219,1555312678571,1555312679027
220,1555312678613,1555312679063
221,1555312678662,1555312679117
222,1555312678704,1555312679166
223,1555312678745,1555312679188
224,1555312678786,1555312679231
225,1555312678828,1555312679285
226,1555312678871,1555312679318
227,1555312678914,1555312679355
228,1555312678955,1555312679417
229,1555312678996,1555312679477
230,1555312679037,1555312679481
231,1555312679076,1555312679546
232,1555312679120,1555312679580
233,1555312679161,1555312679594
234,1555312679203,1555312679664
235,1555312679244,1555312679716
236,1555312679286,1555312679764
237,1555312679328,1555312679791
238,1555312679370,1555312679840
239,1555312679411,1555312679852
240,1555312679453,1555312679932
241,1555312679494,1555312679960
242,1555312679534,1555312680007
243,1555312679574,1555312680020
244,1555312679618,1555312680075
246,1555312679702,1555312680145
245,1555312679659,1555312680147
247,1555312679745,1555312680198
248,1555312679786,1555312680241
249,1555312679825,1555312680298
250,1555312679867,1555312680380
251,1555312679908,1555312680384
252,1555312679949,1555312680396
254,1555312680033,1555312680490
253,1555312679991,1555312680495
255,1555312680076,1555312680515
256,1555312680119,1555312680565
257,1555312680161,1555312680629
259,1555312680247,1555312680689
258,1555312680204,1555312680695
260,1555312680288,1555312680759
261,1555312680329,1555312680793
262,1555312680370,1555312680836
263,1555312680413,1555312680859
264,1555312680454,1555312680945
265,1555312680495,1555312680962
266,1555312680536,1555312680976
267,1555312680576,1555312681027
269,1555312680658,1555312681100
268,1555312680616,1555312681118
270,1555312680702,1555312681167
271,1555312680745,1555312681202
272,1555312680785,1555312681238
273,1555312680826,1555312681296
275,1555312680908,1555312681355
274,1555312680867,1555312681362
276,1555312680949,1555312681420
277,1555312680992,1555312681461
278,1555312681033,1555312681502
279,1555312681073,1555312681547
280,1555312681114,1555312681583
282,1555312681199,1555312681651
281,1555312681156,1555312681667
283,1555312681242,1555312681712
284,1555312681282,1555312681718
285,1555312681324,1555312681761
286,1555312681365,1555312681801
287,1555312681406,1555312681852
289,1555312681490,1555312681943
288,1555312681448,1555312681940
290,1555312681532,1555312681997
291,1555312681573,1555312682011
292,1555312681615,1555312682074
293,1555312681656,1555312682111
294,1555312681698,1555312682134
295,1555312681740,1555312682193
296,1555312681780,1555312682270
297,1555312681821,1555312682290
298,1555312681863,1555312682341
299,1555312681904,1555312682356
300,1555312681944,1555312682407
301,1555312681988,1555312682427
302,1555312682028,1555312682476
303,1555312682069,1555312682533
304,1555312682112,1555312682567
305,1555312682155,1555312682603
306,1555312682196,1555312682663
307,1555312682237,1555312682704
308,1555312682279,1555312682733
309,1555312682322,1555312682782
310,1555312682362,1555312682838
311,1555312682404,1555312682890
312,1555312682446,1555312682892
313,1555312682487,1555312682951
314,1555312682528,1555312683013
315,1555312682570,1555312683047
316,1555312682613,1555312683080
317,1555312682654,1555312683124
318,1555312682695,1555312683184
319,1555312682736,1555312683222
320,1555312682777,1555312683248
321,1555312682821,1555312683257
322,1555312682863,1555312683307
323,1555312682906,1555312683384
324,1555312682949,1555312683404
325,1555312682990,1555312683448
326,1555312683030,1555312683495
327,1555312683071,1555312683559
328,1555312683113,1555312683570
329,1555312683157,1555312683621
330,1555312683198,1555312683689
331,1555312683238,1555312683719
332,1555312683280,1555312683741
333,1555312683321,1555312683790
334,1555312683363,1555312683841
335,1555312683405,1555312683866
336,1555312683448,1555312683898
337,1555312683489,1555312683978
338,1555312683530,1555312683998
339,1555312683571,1555312684017
340,1555312683612,1555312684060
341,1555312683653,1555312684106
342,1555312683695,1555312684154
343,1555312683737,1555312684209
344,1555312683779,1555312684235
345,1555312683822,1555312684286
346,1555312683863,1555312684304
347,1555312683905,1555312684353
348,1555312683946,1555312684395
349,1555312683987,1555312684434
350,1555312684027,1555312684489
351,1555312684070,1555312684561
352,1555312684111,1555312684566
353,1555312684152,1555312684617
354,1555312684194,1555312684631
355,1555312684236,1555312684677
356,1555312684279,1555312684733
357,1555312684323,1555312684759
358,1555312684366,1555312684859
359,1555312684407,1555312684889
360,1555312684447,1555312684938
361,1555312684490,1555312684957
362,1555312684530,1555312684981
363,1555312684572,1555312685037
364,1555312684615,1555312685100
365,1555312684656,1555312685142
366,1555312684699,1555312685165
367,1555312684741,1555312685223
368,1555312684783,1555312685253
369,1555312684825,1555312685278
370,1555312684867,1555312685335
371,1555312684909,1555312685396
372,1555312684950,1555312685400
373,1555312684991,1555312685463
374,1555312685032,1555312685475
375,1555312685073,1555312685568
376,1555312685116,1555312685613
377,1555312685159,1555312685616
379,1555312685240,1555312685671
378,1555312685200,1555312685685
380,1555312685281,1555312685748
381,1555312685324,1555312685786
382,1555312685367,1555312685828
383,1555312685410,1555312685899
384,1555312685453,1555312685902
385,1555312685493,1555312685953
386,1555312685534,1555312685974
387,1555312685573,1555312686033
388,1555312685618,1555312686071
389,1555312685660,1555312686114
390,1555312685702,1555312686187
391,1555312685746,1555312686209
392,1555312685787,1555312686253
393,1555312685828,1555312686275
394,1555312685870,1555312686317
395,1555312685912,1555312686383
396,1555312685954,1555312686395
397,1555312685995,1555312686469
398,1555312686036,1555312686499
399,1555312686077,1555312686547
400,1555312686118,1555312686612
401,1555312686160,1555312686658
402,1555312686203,1555312686668
403,1555312686246,1555312686694
404,1555312686288,1555312686758
405,1555312686330,1555312686782
406,1555312686371,1555312686852
407,1555312686414,1555312686884
408,1555312686456,1555312686925
409,1555312686497,1555312686972
410,1555312686538,1555312687006
411,1555312686580,1555312687045
412,1555312686621,1555312687076
413,1555312686663,1555312687131
414,1555312686705,1555312687145
415,1555312686746,1555312687181
416,1555312686786,1555312687252
418,1555312686867,1555312687459
419,1555312686910,1555312687462
421,1555312686994,1555312687471
417,1555312686826,1555312687474
420,1555312686953,1555312687482
422,1555312687036,1555312687509
423,1555312687077,1555312687536
424,1555312687118,1555312687559
425,1555312687160,1555312687628
426,1555312687203,1555312687663
427,1555312687244,1555312687691
428,1555312687286,1555312687767
429,1555312687327,1555312687774
430,1555312687368,1555312687843
431,1555312687410,1555312687873
432,1555312687452,1555312687914
433,1555312687495,1555312687990
434,1555312687536,1555312688000
435,1555312687577,1555312688023
436,1555312687617,1555312688086
437,1555312687657,1555312688128
438,1555312687699,1555312688163
439,1555312687741,1555312688188
440,1555312687784,1555312688275
441,1555312687832,1555312688295
442,1555312687874,1555312688358
443,1555312687914,1555312688378
444,1555312687956,1555312688428
445,1555312687998,1555312688483
446,1555312688039,1555312688500
447,1555312688079,1555312688543
448,1555312688120,1555312688586
449,1555312688164,1555312688627
450,1555312688207,1555312688657
452,1555312688289,1555312688735
451,1555312688248,1555312688745
453,1555312688331,1555312688808
454,1555312688372,1555312688855
455,1555312688413,1555312688884
456,1555312688461,1555312688904
457,1555312688502,1555312688970
458,1555312688544,1555312689034
459,1555312688587,1555312689054
460,1555312688630,1555312689090
461,1555312688673,1555312689130
462,1555312688714,1555312689204
463,1555312688756,1555312689214
464,1555312688799,1555312689271
465,1555312688843,1555312689287
466,1555312688886,1555312689359
467,1555312688928,1555312689367
468,1555312688968,1555312689467
469,1555312689009,1555312689469
470,1555312689051,1555312689509
471,1555312689092,1555312689591
472,1555312689133,1555312689607
473,1555312689174,1555312689619
474,1555312689216,1555312689718
475,1555312689261,1555312689745
476,1555312689303,1555312689761
477,1555312689357,1555312689802
478,1555312689397,1555312689880
479,1555312689438,1555312689902
480,1555312689495,1555312689957
481,1555312689541,1555312690013
482,1555312689584,1555312690054
483,1555312689625,1555312690086
484,1555312689667,1555312690117
485,1555312689708,1555312690164
486,1555312689752,1555312690210
487,1555312689798,1555312690259
488,1555312689841,1555312690286
489,1555312689883,1555312690350
490,1555312689924,1555312690366
491,1555312689965,1555312690411
492,1555312690006,1555312690486
493,1555312690047,1555312690507
494,1555312690089,1555312690551
496,1555312690172,1555312690630
495,1555312690131,1555312690635
497,1555312690213,1555312690656
498,1555312690254,1555312690721
499,1555312690294,1555312690777
500,1555312690336,1555312690805
501,1555312690377,1555312690873
502,1555312690423,1555312690877
504,1555312690505,1555312690981
503,1555312690465,1555312690984
505,1555312690546,1555312691016
506,1555312690588,1555312691045
508,1555312690672,1555312691140
507,1555312690631,1555312691143
510,1555312690754,1555312691203
509,1555312690713,1555312691225
511,1555312690795,1555312691258
512,1555312690836,1555312691317
513,1555312690879,1555312691356
514,1555312690920,1555312691431
515,1555312690961,1555312691440
516,1555312691004,1555312691496
518,1555312691087,1555312691573
517,1555312691046,1555312691578
519,1555312691128,1555312691612
521,1555312691211,1555312691688
520,1555312691169,1555312691695
522,1555312691253,1555312691731
523,1555312691297,1555312691758
524,1555312691337,1555312691810
525,1555312691379,1555312691850
526,1555312691422,1555312691905
527,1555312691464,1555312691928
528,1555312691505,1555312691976
529,1555312691546,1555312691998
531,1555312691633,1555312692079
530,1555312691590,1555312692112
532,1555312691677,1555312692131
533,1555312691719,1555312692207
534,1555312691763,1555312692236
535,1555312691804,1555312692266
536,1555312691844,1555312692341
537,1555312691887,1555312692366
538,1555312691929,1555312692410
539,1555312691971,1555312692437
540,1555312692012,1555312692476
541,1555312692052,1555312692495
543,1555312692136,1555312692602
542,1555312692094,1555312692603
544,1555312692178,1555312692638
545,1555312692219,1555312692665
546,1555312692262,1555312692702
547,1555312692304,1555312692773
548,1555312692347,1555312692834
549,1555312692386,1555312692851
550,1555312692427,1555312692871
551,1555312692468,1555312692936
552,1555312692512,1555312692961
553,1555312692554,1555312693015
554,1555312692595,1555312693040
555,1555312692635,1555312693085
556,1555312692676,1555312693114
557,1555312692718,1555312693196
559,1555312692803,1555312693268
558,1555312692761,1555312693272
560,1555312692846,1555312693325
561,1555312692888,1555312693348
562,1555312692930,1555312693384
563,1555312692971,1555312693420
564,1555312693012,1555312693494
565,1555312693052,1555312693529
566,1555312693095,1555312693545
567,1555312693136,1555312693583
568,1555312693177,1555312693649
570,1555312693260,1555312693713
569,1555312693218,1555312693714
571,1555312693302,1555312693774
572,1555312693342,1555312693794
574,1555312693425,1555312693904
573,1555312693384,1555312693906
575,1555312693466,1555312693953
577,1555312693549,1555312694019
576,1555312693508,1555312694027
578,1555312693590,1555312694085
580,1555312693674,1555312694143
579,1555312693632,1555312694171
581,1555312693716,1555312694191
583,1555312693796,1555312694249
582,1555312693756,1555312694262
584,1555312693838,1555312694290
585,1555312693880,1555312694350
586,1555312693923,1555312694372
587,1555312693967,1555312694446
588,1555312694009,1555312694477
589,1555312694050,1555312694528
590,1555312694091,1555312694589
591,1555312694133,1555312694598
592,1555312694175,1555312694634
593,1555312694218,1555312694720
594,1555312694269,1555312694731
595,1555312694309,1555312694778
597,1555312694392,1555312694833
596,1555312694350,1555312694839
599,1555312694478,1555312694933
598,1555312694434,1555312694944
600,1555312694521,1555312694963
601,1555312694562,1555312694997
602,1555312694602,1555312695056
603,1555312694643,1555312695103
604,1555312694683,1555312695175
605,1555312694725,1555312695219
606,1555312694767,1555312695249
607,1555312694808,1555312695275
608,1555312694851,1555312695326
609,1555312694893,1555312695346
610,1555312694934,1555312695379
611,1555312694979,1555312695450
612,1555312695022,1555312695501
614,1555312695106,1555312695545
613,1555312695065,1555312695555
615,1555312695147,1555312695604
616,1555312695188,1555312695637
617,1555312695228,1555312695684
618,1555312695269,1555312695700
619,1555312695309,1555312695760
620,1555312695350,1555312695820
621,1555312695391,1555312695842
622,1555312695431,1555312695879
623,1555312695472,1555312695925
624,1555312695513,1555312695984
625,1555312695554,1555312696020
626,1555312695595,1555312696038
627,1555312695636,1555312696080
628,1555312695677,1555312696144
629,1555312695718,1555312696185
630,1555312695759,1555312696238
631,1555312695800,1555312696261
632,1555312695841,1555312696308
633,1555312695882,1555312696327
634,1555312695922,1555312696377
635,1555312695963,1555312696441
636,1555312696005,1555312696485
637,1555312696045,1555312696512
638,1555312696085,1555312696544
639,1555312696126,1555312696566
640,1555312696167,1555312696619
641,1555312696207,1555312696647
642,1555312696249,1555312696700
643,1555312696291,1555312696737
644,1555312696333,1555312696821
645,1555312696375,1555312696853
646,1555312696416,1555312696880
647,1555312696456,1555312696899
648,1555312696500,1555312696936
649,1555312696541,1555312697017
650,1555312696582,1555312697049
651,1555312696623,1555312697082
652,1555312696663,1555312697131
653,1555312696704,1555312697158
654,1555312696746,1555312697198
655,1555312696787,1555312697244
656,1555312696827,1555312697291
657,1555312696868,1555312697316
658,1555312696909,1555312697369
659,1555312696950,1555312697407
660,1555312696992,1555312697452
661,1555312697034,1555312697497
662,1555312697079,1555312697539
663,1555312697121,1555312697573
664,1555312697161,1555312697612
665,1555312697203,1555312697665
666,1555312697242,1555312697717
667,1555312697283,1555312697743
668,1555312697323,1555312697804
669,1555312697364,1555312697814
670,1555312697408,1555312697858
671,1555312697451,1555312697915
672,1555312697492,1555312697958
673,1555312697532,1555312698003
674,1555312697574,1555312698034
675,1555312697615,1555312698057
676,1555312697658,1555312698136
677,1555312697700,1555312698161
678,1555312697743,1555312698225
679,1555312697787,1555312698272
680,1555312697829,1555312698279
681,1555312697870,1555312698322
682,1555312697911,1555312698366
683,1555312697953,1555312698429
684,1555312697993,1555312698438
685,1555312698034,1555312698498
686,1555312698075,1555312698515
687,1555312698116,1555312698590
688,1555312698158,1555312698621
689,1555312698199,1555312698667
690,1555312698241,1555312698676
691,1555312698282,1555312698764
692,1555312698323,1555312698803
693,1555312698367,1555312698839
694,1555312698410,1555312698874
695,1555312698452,1555312698899
696,1555312698493,1555312698969
697,1555312698535,1555312698995
698,1555312698576,1555312699027
699,1555312698617,1555312699076
700,1555312698659,1555312699103
701,1555312698701,1555312699149
702,1555312698742,1555312699188
703,1555312698783,1555312699239
704,1555312698825,1555312699326
705,1555312698865,1555312699339
706,1555312698907,1555312699354
707,1555312698949,1555312699390
708,1555312698991,1555312699435
709,1555312699032,1555312699517
710,1555312699073,1555312699526
711,1555312699114,1555312699602
712,1555312699154,1555312699622
713,1555312699194,1555312699633
714,1555312699235,1555312699698
715,1555312699280,1555312699719
716,1555312699322,1555312699796
717,1555312699364,1555312699810
718,1555312699405,1555312699879
719,1555312699447,1555312699905
720,1555312699486,1555312699930
721,1555312699527,1555312699971
722,1555312699567,1555312700048
723,1555312699610,1555312700062
724,1555312699651,1555312700103
725,1555312699694,1555312700177
726,1555312699736,1555312700202
727,1555312699777,1555312700234
728,1555312699819,1555312700274
729,1555312699862,1555312700311
730,1555312699907,1555312700375
731,1555312699948,1555312700403
732,1555312699990,1555312700447
733,1555312700031,1555312700504
734,1555312700072,1555312700540
735,1555312700114,1555312700587
736,1555312700156,1555312700619
737,1555312700199,1555312700645
738,1555312700240,1555312700708
739,1555312700281,1555312700734
740,1555312700321,1555312700795
741,1555312700364,1555312700810
742,1555312700406,1555312700876
743,1555312700448,1555312700885
744,1555312700489,1555312700960
745,1555312700530,1555312700999
746,1555312700571,1555312701047
747,1555312700613,1555312701083
748,1555312700654,1555312701094
749,1555312700695,1555312701131
750,1555312700737,1555312701238
751,1555312700778,1555312701250
752,1555312700820,1555312701270
753,1555312700861,1555312701344
754,1555312700902,1555312701357
755,1555312700944,1555312701424
756,1555312700986,1555312701456
757,1555312701029,1555312701495
758,1555312701070,1555312701510
759,1555312701110,1555312701587
760,1555312701152,1555312701606
761,1555312701194,1555312701677
762,1555312701239,1555312701681
764,1555312701320,1555312701757
763,1555312701281,1555312701762
765,1555312701362,1555312701851
766,1555312701404,1555312701872
767,1555312701445,1555312701907
768,1555312701485,1555312701945
769,1555312701528,1555312701977
770,1555312701569,1555312702028
771,1555312701610,1555312702073
772,1555312701649,1555312702099
774,1555312701732,1555312702197
773,1555312701691,1555312702199
775,1555312701772,1555312702222
776,1555312701812,1555312702473
777,1555312701853,1555312702477
781,1555312702020,1555312702489
779,1555312701937,1555312702498
780,1555312701979,1555312702502
778,1555312701896,1555312702522
783,1555312702100,1555312702563
782,1555312702060,1555312702577
784,1555312702144,1555312702596
785,1555312702185,1555312702642
787,1555312702269,1555312702738
786,1555312702226,1555312702747
788,1555312702310,1555312702779
789,1555312702353,1555312702825
790,1555312702394,1555312702877
791,1555312702436,1555312702894
793,1555312702521,1555312702963
792,1555312702479,1555312702992
794,1555312702562,1555312703050
795,1555312702603,1555312703091
796,1555312702643,1555312703135
797,1555312702685,1555312703153
798,1555312702726,1555312703187
799,1555312702768,1555312703223
800,1555312702811,1555312703301
801,1555312702855,1555312703343
802,1555312702896,1555312703348
803,1555312702938,1555312703385
804,1555312702980,1555312703448
805,1555312703022,1555312703490
806,1555312703063,1555312703510
807,1555312703105,1555312703554
808,1555312703147,1555312703629
809,1555312703190,1555312703663
810,1555312703231,1555312703682
811,1555312703272,1555312703734
812,1555312703315,1555312703800
813,1555312703357,1555312703815
814,1555312703399,1555312703874
815,1555312703441,1555312703908
816,1555312703483,1555312703942
817,1555312703524,1555312703973
818,1555312703565,1555312704009
819,1555312703605,1555312704088
820,1555312703646,1555312704121
821,1555312703688,1555312704155
822,1555312703730,1555312704202
823,1555312703771,1555312704241
824,1555312703812,1555312704281
825,1555312703853,1555312704298
826,1555312703895,1555312704350
827,1555312703937,1555312704379
828,1555312703979,1555312704467
829,1555312704020,1555312704495
830,1555312704060,1555312704607
831,1555312704100,1555312704614
834,1555312704226,1555312704715
833,1555312704185,1555312704717
832,1555312704143,1555312704720
836,1555312704309,1555312704821
837,1555312704352,1555312704822
835,1555312704268,1555312704827
838,1555312704395,1555312704936
839,1555312704437,1555312704963
840,1555312704477,1555312704965
841,1555312704602,1555312705076
842,1555312704643,1555312705099
843,1555312704684,1555312705139
844,1555312704724,1555312705171
845,1555312704767,1555312705213
846,1555312704809,1555312705276
847,1555312704855,1555312705328
848,1555312704897,1555312705343
849,1555312704939,1555312705391
850,1555312704981,1555312705422
851,1555312705020,1555312705502
852,1555312705066,1555312705534
853,1555312705106,1555312705555
854,1555312705147,1555312705604
855,1555312705188,1555312705650
856,1555312705230,1555312705706
857,1555312705272,1555312705727
858,1555312705314,1555312705773
859,1555312705356,1555312705790
860,1555312705397,1555312705851
861,1555312705439,1555312705877
862,1555312705481,1555312705927
863,1555312705522,1555312705981
864,1555312705562,1555312706006
865,1555312705603,1555312706070
867,1555312705685,1555312706139
866,1555312705643,1555312706148
868,1555312705728,1555312706187
869,1555312705769,1555312706226
870,1555312705811,1555312706301
871,1555312705853,1555312706325
873,1555312705935,1555312706385
872,1555312705894,1555312706387
874,1555312705977,1555312706471
875,1555312706019,1555312706506
876,1555312706061,1555312706543
877,1555312706102,1555312706553
878,1555312706144,1555312706604
879,1555312706185,1555312706640
880,1555312706227,1555312706722
881,1555312706271,1555312706752
882,1555312706319,1555312706774
883,1555312706361,1555312706807
884,1555312706403,1555312706889
885,1555312706445,1555312706909
886,1555312706486,1555312706953
887,1555312706534,1555312706969
888,1555312706574,1555312707039
889,1555312706615,1555312707063
890,1555312706656,1555312707102
891,1555312706697,1555312707148
892,1555312706738,1555312707206
893,1555312706779,1555312707251
894,1555312706821,1555312707285
895,1555312706862,1555312707326
896,1555312706904,1555312707341
897,1555312706947,1555312707389
898,1555312706989,1555312707453
899,1555312707030,1555312707496
900,1555312707071,1555312707517
901,1555312707114,1555312707584
902,1555312707156,1555312707630
903,1555312707198,1555312707682
904,1555312707240,1555312707727
905,1555312707281,1555312707755
906,1555312707322,1555312707809
907,1555312707366,1555312707814
908,1555312707407,1555312707850
909,1555312707449,1555312707896
910,1555312707491,1555312707931
911,1555312707531,1555312707984
912,1555312707579,1555312708031
913,1555312707622,1555312708088
914,1555312707661,1555312708141
915,1555312707703,1555312708178
916,1555312707745,1555312708211
917,1555312707787,1555312708254
918,1555312707829,1555312708295
919,1555312707870,1555312708317
920,1555312707913,1555312708365
921,1555312707955,1555312708393
922,1555312707997,1555312708460
923,1555312708040,1555312708501
924,1555312708081,1555312708523
925,1555312708122,1555312708582
926,1555312708165,1555312708622
927,1555312708207,1555312708659
928,1555312708248,1555312708687
929,1555312708290,1555312708751
930,1555312708333,1555312708779
932,1555312708415,1555312708896
931,1555312708374,1555312708912
933,1555312708457,1555312708915
934,1555312708499,1555312708954
936,1555312708584,1555312709022
935,1555312708540,1555312709034
937,1555312708627,1555312709067
938,1555312708668,1555312709122
939,1555312708710,1555312709182
940,1555312708752,1555312709214
941,1555312708795,1555312709274
942,1555312708837,1555312709326
943,1555312708879,1555312709330
944,1555312708921,1555312709374
945,1555312708963,1555312709413
946,1555312709004,1555312709474
947,1555312709045,1555312709524
948,1555312709085,1555312709576
949,1555312709126,1555312709598
950,1555312709169,1555312709642
951,1555312709210,1555312709654
952,1555312709252,1555312709704
953,1555312709293,1555312709737
954,1555312709336,1555312709808
955,1555312709378,1555312709823
956,1555312709419,1555312709902
957,1555312709461,1555312709918
958,1555312709502,1555312709942
959,1555312709542,1555312709979
960,1555312709582,1555312710020
961,1555312709623,1555312710068
962,1555312709664,1555312710128
963,1555312709705,1555312710179
964,1555312709748,1555312710223
965,1555312709789,1555312710238
966,1555312709831,1555312710305
967,1555312709873,1555312710312
968,1555312709915,1555312710384
969,1555312709957,1555312710433
970,1555312709999,1555312710474
971,1555312710042,1555312710508
972,1555312710084,1555312710529
973,1555312710125,1555312710567
974,1555312710165,1555312710645
975,1555312710207,1555312710697
976,1555312710251,1555312710722
977,1555312710293,1555312710732
978,1555312710334,1555312710810
979,1555312710375,1555312710836
980,1555312710420,1555312710879
981,1555312710462,1555312710936
982,1555312710504,1555312710965
983,1555312710547,1555312711008
984,1555312710588,1555312711075
985,1555312710629,1555312711096
986,1555312710671,1555312711112
987,1555312710713,1555312711166
988,1555312710754,1555312711197
989,1555312710795,1555312711246
990,1555312710838,1555312711286
991,1555312710880,1555312711347
993,1555312710966,1555312711404
992,1555312710922,1555312711414
994,1555312711009,1555312711464
995,1555312711051,1555312711518
996,1555312711091,1555312711559
997,1555312711132,1555312711607
998,1555312711174,1555312711618
999,1555312711216,1555312711659
1000,1555312711259,1555312711713
1001,1555312711300,1555312711769
1002,1555312711343,1555312711807
1003,1555312711387,1555312711871
1004,1555312711428,1555312711914
1005,1555312711470,1555312711939
1006,1555312711512,1555312711981
1007,1555312711555,1555312712021
1008,1555312711596,1555312712064
1009,1555312711637,1555312712094
1010,1555312711677,1555312712139
1011,1555312711719,1555312712170
1012,1555312711761,1555312712214
1013,1555312711803,1555312712256
1014,1555312711847,1555312712313
1015,1555312711890,1555312712338
1016,1555312711931,1555312712404
1017,1555312711973,1555312712418
1018,1555312712015,1555312712477
1019,1555312712057,1555312712523
1020,1555312712097,1555312712543
1021,1555312712140,1555312712603
1022,1555312712181,1555312712627
1023,1555312712222,1555312712682
1024,1555312712266,1555312712704
1025,1555312712308,1555312712751
1026,1555312712350,1555312712817
1027,1555312712392,1555312712858
1028,1555312712434,1555312712903
1029,1555312712474,1555312712927
1030,1555312712515,1555312713005
1031,1555312712558,1555312713013
1032,1555312712599,1555312713041
1033,1555312712641,1555312713105
1034,1555312712683,1555312713151
1035,1555312712725,1555312713161
1036,1555312712766,1555312713214
1037,1555312712808,1555312713291
1038,1555312712850,1555312713301
1039,1555312712892,1555312713348
1040,1555312712933,1555312713406
1041,1555312712975,1555312713440
1042,1555312713016,1555312713461
1043,1555312713058,1555312713524
1044,1555312713101,1555312713575
1045,1555312713143,1555312713608
1046,1555312713185,1555312713667
1047,1555312713227,1555312713698
1048,1555312713268,1555312713701
1049,1555312713309,1555312713778
1050,1555312713351,1555312713816
1051,1555312713394,1555312713867
1052,1555312713436,1555312713900
1053,1555312713478,1555312713941
1054,1555312713520,1555312713985
1056,1555312713604,1555312714045
1055,1555312713563,1555312714045
1057,1555312713644,1555312714107
1058,1555312713686,1555312714140
1059,1555312713728,1555312714173
1060,1555312713770,1555312714238
1061,1555312713812,1555312714270
1062,1555312713853,1555312714294
1063,1555312713894,1555312714367
1064,1555312713936,1555312714400
1065,1555312713978,1555312714435
1066,1555312714020,1555312714507
1067,1555312714062,1555312714520
1068,1555312714101,1555312714539
1069,1555312714141,1555312714615
1070,1555312714183,1555312714631
1071,1555312714224,1555312714698
1072,1555312714266,1555312714707
1073,1555312714308,1555312714757
1074,1555312714349,1555312714791
1075,1555312714389,1555312714853
1076,1555312714431,1555312714908
1077,1555312714472,1555312714947
1078,1555312714514,1555312714994
1079,1555312714557,1555312715007
1080,1555312714598,1555312715058
1081,1555312714639,1555312715101
1082,1555312714680,1555312715163
1083,1555312714722,1555312715189
1084,1555312714763,1555312715213
1085,1555312714805,1555312715268
1086,1555312714847,1555312715286
1087,1555312714888,1555312715350
1088,1555312714929,1555312715393
1089,1555312714972,1555312715417
1090,1555312715013,1555312715471
1091,1555312715055,1555312715539
1092,1555312715096,1555312715552
1093,1555312715137,1555312715600
1094,1555312715177,1555312715646
1095,1555312715219,1555312715656
1096,1555312715261,1555312715737
1097,1555312715304,1555312715755
1098,1555312715345,1555312715804
1099,1555312715387,1555312715857
1100,1555312715428,1555312715876
1101,1555312715472,1555312715922
1102,1555312715514,1555312715977
1103,1555312715556,1555312716041
1104,1555312715597,1555312716056
1105,1555312715642,1555312716131
1106,1555312715684,1555312716146
1107,1555312715724,1555312716198
1108,1555312715766,1555312716210
1109,1555312715807,1555312716251
1110,1555312715850,1555312716331
1111,1555312715893,1555312716384
1112,1555312715935,1555312716404
1113,1555312715977,1555312716430
1114,1555312716018,1555312716508
1115,1555312716060,1555312716527
1116,1555312716100,1555312716544
1117,1555312716141,1555312716613
1118,1555312716183,1555312716666
1119,1555312716225,1555312716714
1120,1555312716266,1555312716731
1121,1555312716307,1555312716774
1122,1555312716348,1555312716816
1123,1555312716390,1555312716858
1124,1555312716431,1555312716898
1125,1555312716478,1555312716970
1126,1555312716520,1555312716994
1127,1555312716560,1555312717031
1128,1555312716601,1555312717046
1129,1555312716641,1555312717093
1130,1555312716683,1555312717147
1131,1555312716725,1555312717188
1132,1555312716767,1555312717234
1133,1555312716811,1555312717459
1134,1555312716852,1555312717471
1135,1555312716894,1555312717479
1137,1555312716978,1555312717495
1138,1555312717019,1555312717497
1136,1555312716936,1555312717510
1139,1555312717061,1555312717527
1140,1555312717102,1555312717532
1141,1555312717142,1555312717638
1142,1555312717185,1555312717679
1143,1555312717227,1555312717699
1144,1555312717269,1555312717748
1145,1555312717312,1555312717786
1146,1555312717354,1555312717826
1147,1555312717396,1555312717863
1148,1555312717440,1555312717922
1149,1555312717482,1555312717948
1150,1555312717524,1555312717980
1151,1555312717565,1555312718015
1152,1555312717605,1555312718087
1153,1555312717648,1555312718172
1154,1555312717689,1555312718194
1155,1555312717731,1555312718202
1156,1555312717776,1555312718216
1157,1555312717817,1555312718289
1158,1555312717859,1555312718303
1159,1555312717901,1555312718409
1160,1555312717943,1555312718438
1161,1555312717983,1555312718459
1162,1555312718025,1555312718536
1163,1555312718068,1555312718545
1164,1555312718108,1555312718559
1165,1555312718149,1555312718584
1166,1555312718191,1555312718670
1167,1555312718233,1555312718737
1168,1555312718276,1555312718743
1169,1555312718317,1555312718782
1170,1555312718359,1555312718813
1171,1555312718401,1555312718878
1172,1555312718445,1555312718910
1173,1555312718488,1555312718972
1174,1555312718530,1555312718979
1175,1555312718573,1555312719019
1176,1555312718613,1555312719123
1177,1555312718655,1555312719136
1178,1555312718696,1555312719188
1179,1555312718737,1555312719249
1180,1555312718778,1555312719270
1181,1555312718819,1555312719314
1182,1555312718862,1555312719356
1183,1555312718903,1555312719372
1184,1555312718945,1555312719429
1185,1555312718987,1555312719440
1186,1555312719030,1555312719538
1187,1555312719073,1555312719548
1188,1555312719114,1555312719579
1189,1555312719155,1555312719613
1190,1555312719196,1555312719649
1191,1555312719239,1555312719803
1192,1555312719280,1555312719804
1193,1555312719320,1555312719915
1194,1555312719363,1555312719919
1195,1555312719405,1555312719926
1196,1555312719447,1555312720014
1198,1555312719530,1555312720019
1197,1555312719488,1555312720021
1199,1555312719571,1555312720024
1201,1555312719653,1555312720152
1200,1555312719611,1555312720162
1202,1555312719787,1555312720259
1203,1555312719828,1555312720311
1204,1555312719868,1555312720343
1205,1555312719908,1555312720374
1206,1555312719950,1555312720426
1207,1555312719990,1555312720439
1208,1555312720032,1555312720497
1210,1555312720113,1555312720561
1209,1555312720072,1555312720571
1211,1555312720153,1555312720598
1212,1555312720195,1555312720664
1213,1555312720237,1555312720714
1214,1555312720278,1555312720726
1215,1555312720319,1555312720770
1216,1555312720361,1555312720805
1217,1555312720402,1555312720845
1218,1555312720443,1555312720899
1219,1555312720484,1555312720953
1220,1555312720526,1555312720971
1221,1555312720569,1555312721024
1222,1555312720610,1555312721044
1223,1555312720650,1555312721102
1224,1555312720691,1555312721146
1225,1555312720733,1555312721182
1226,1555312720776,1555312721241
1227,1555312720818,1555312721279
1228,1555312720860,1555312721321
1229,1555312720902,1555312721350
1230,1555312720943,1555312721391
1231,1555312720985,1555312721461
1232,1555312721027,1555312721487
1233,1555312721069,1555312721548
1234,1555312721110,1555312721550
1235,1555312721151,1555312721587
1236,1555312721192,1555312721639
1237,1555312721233,1555312721700
1238,1555312721275,1555312721744
1239,1555312721317,1555312721780
1241,1555312721401,1555312721845
1240,1555312721359,1555312721847
1242,1555312721442,1555312721901
1243,1555312721483,1555312721965
1244,1555312721526,1555312721989
1245,1555312721569,1555312722037
1246,1555312721610,1555312722073
1247,1555312721651,1555312722114
1248,1555312721692,1555312722157
1249,1555312721733,1555312722199
1250,1555312721775,1555312722262
1251,1555312721817,1555312722277
1253,1555312721902,1555312722342
1252,1555312721859,1555312722345
1254,1555312721944,1555312722381
1255,1555312721985,1555312722427
1256,1555312722026,1555312722491
1257,1555312722068,1555312722512
1258,1555312722109,1555312722552
1259,1555312722150,1555312722606
1260,1555312722192,1555312722649
1261,1555312722233,1555312722715
1262,1555312722274,1555312722734
1263,1555312722315,1555312722747
1264,1555312722357,1555312722818
1265,1555312722400,1555312722879
1266,1555312722441,1555312722890
1267,1555312722484,1555312722934
1268,1555312722528,1555312722973
1269,1555312722568,1555312723010
1270,1555312722608,1555312723097
1271,1555312722650,1555312723112
1272,1555312722692,1555312723152
1273,1555312722735,1555312723199
1274,1555312722777,1555312723247
1275,1555312722819,1555312723293
1276,1555312722861,1555312723317
1277,1555312722904,1555312723375
1278,1555312722946,1555312723405
1279,1555312722988,1555312723460
1280,1555312723031,1555312723494
1281,1555312723074,1555312723539
1282,1555312723115,1555312723590
1283,1555312723157,1555312723629
1284,1555312723200,1555312723650
1285,1555312723242,1555312723707
1286,1555312723284,1555312723745
1287,1555312723324,1555312723776
1288,1555312723365,1555312723821
1289,1555312723406,1555312723870
1290,1555312723448,1555312723888
1291,1555312723491,1555312723987
1292,1555312723534,1555312724004
1294,1555312723617,1555312724059
1293,1555312723577,1555312724069
1295,1555312723657,1555312724107
1296,1555312723699,1555312724166
1298,1555312723784,1555312724232
1297,1555312723742,1555312724241
1299,1555312723826,1555312724295
1300,1555312723868,1555312724332
1301,1555312723909,1555312724373
1302,1555312723950,1555312724427
1303,1555312723992,1555312724460
1304,1555312724035,1555312724499
1305,1555312724076,1555312724550
1306,1555312724117,1555312724590
1307,1555312724158,1555312724619
1308,1555312724200,1555312724679
1309,1555312724242,1555312724693
1310,1555312724284,1555312724719
1311,1555312724327,1555312724813
1312,1555312724370,1555312724814
1313,1555312724412,1555312724874
1314,1555312724453,1555312724904
1315,1555312724495,1555312724980
1316,1555312724537,1555312724982
1318,1555312724620,1555312725075
1317,1555312724579,1555312725092
1319,1555312724660,1555312725119
1320,1555312724702,1555312725168
1322,1555312724784,1555312725242
1321,1555312724742,1555312725250
1323,1555312724826,1555312725282
1324,1555312724868,1555312725338
1325,1555312724910,1555312725372
1326,1555312724951,1555312725422
1327,1555312724991,1555312725458
1328,1555312725031,1555312725481
1329,1555312725073,1555312725539
1330,1555312725113,1555312725578
1331,1555312725155,1555312725623
1332,1555312725197,1555312725658
1333,1555312725239,1555312725705
1334,1555312725279,1555312725748
1335,1555312725321,1555312725785
1336,1555312725364,1555312725809
1337,1555312725406,1555312725850
1338,1555312725448,1555312725902
1339,1555312725490,1555312725921
1340,1555312725531,1555312726009
1341,1555312725572,1555312726028
1342,1555312725613,1555312726051
1343,1555312725653,1555312726110
1344,1555312725701,1555312726133
1345,1555312725743,1555312726204
1346,1555312725785,1555312726243
1347,1555312725826,1555312726286
1348,1555312725867,1555312726344
1349,1555312725909,1555312726347
1350,1555312725951,1555312726420
1351,1555312725993,1555312726467
1352,1555312726035,1555312726479
1354,1555312726119,1555312726576
1353,1555312726078,1555312726577
1355,1555312726160,1555312726599
1356,1555312726200,1555312726677
1357,1555312726244,1555312726699
1358,1555312726287,1555312726739
1359,1555312726329,1555312726804
1360,1555312726370,1555312726811
1361,1555312726411,1555312726862
1362,1555312726452,1555312726915
1363,1555312726494,1555312726948
1364,1555312726536,1555312727002
1365,1555312726577,1555312727016
1366,1555312726618,1555312727071
1367,1555312726659,1555312727086
1368,1555312726700,1555312727167
1370,1555312726784,1555312727234
1369,1555312726742,1555312727238
1371,1555312726825,1555312727313
1372,1555312726867,1555312727335
1373,1555312726907,1555312727370
1374,1555312726949,1555312727394
1375,1555312726991,1555312727439
1376,1555312727032,1555312727475
1377,1555312727073,1555312727540
1378,1555312727114,1555312727574
1379,1555312727156,1555312727610
1380,1555312727197,1555312727669
1381,1555312727239,1555312727687
1382,1555312727281,1555312727751
1383,1555312727323,1555312727794
1384,1555312727364,1555312727804
1385,1555312727406,1555312727865
1386,1555312727447,1555312727914
1387,1555312727488,1555312727937
1389,1555312727572,1555312728017
1388,1555312727530,1555312728031
1390,1555312727612,1555312728067
1391,1555312727653,1555312728102
1392,1555312727694,1555312728141
1393,1555312727736,1555312728212
1394,1555312727777,1555312728248
1395,1555312727819,1555312728267
1396,1555312727860,1555312728329
1397,1555312727903,1555312728343
1398,1555312727945,1555312728394
1399,1555312727988,1555312728427
1400,1555312728028,1555312728502
1401,1555312728069,1555312728512
1402,1555312728110,1555312728585
1403,1555312728151,1555312728600
1404,1555312728193,1555312728635
1405,1555312728234,1555312728702
1406,1555312728277,1555312728724
1407,1555312728318,1555312728776
1408,1555312728362,1555312728802
1409,1555312728404,1555312728836
1410,1555312728445,1555312728906
1411,1555312728487,1555312728936
1412,1555312728529,1555312729009
1413,1555312728570,1555312729030
1414,1555312728612,1555312729065
1415,1555312728653,1555312729135
1417,1555312728736,1555312729165
1416,1555312728695,1555312729171
1418,1555312728778,1555312729246
1419,1555312728819,1555312729271
1420,1555312728859,1555312729314
1422,1555312728943,1555312729383
1421,1555312728902,1555312729383
1423,1555312728985,1555312729466
1424,1555312729027,1555312729483
1425,1555312729068,1555312729546
1426,1555312729109,1555312729573
1427,1555312729150,1555312729621
1428,1555312729192,1555312729653
1429,1555312729236,1555312729696
1430,1555312729278,1555312729744
1431,1555312729320,1555312729776
1432,1555312729362,1555312729804
1433,1555312729403,1555312729852
1434,1555312729444,1555312729905
1435,1555312729486,1555312729990
1436,1555312729528,1555312730012
1437,1555312729569,1555312730023
1438,1555312729609,1555312730043
1439,1555312729649,1555312730115
1440,1555312729690,1555312730155
1441,1555312729732,1555312730177
1442,1555312729777,1555312730244
1443,1555312729817,1555312730266
1444,1555312729858,1555312730300
1445,1555312729900,1555312730344
1446,1555312729941,1555312730410
1447,1555312729981,1555312730460
1448,1555312730024,1555312730467
1449,1555312730066,1555312730529
1450,1555312730107,1555312730560
1451,1555312730149,1555312730592
1452,1555312730190,1555312730626
1453,1555312730232,1555312730670
1454,1555312730274,1555312730729
1455,1555312730316,1555312730768
1456,1555312730357,1555312730846
1457,1555312730399,1555312730893
1458,1555312730441,1555312730901
1459,1555312730482,1555312730918
1460,1555312730523,1555312731001
1461,1555312730565,1555312731020
1462,1555312730607,1555312731058
1463,1555312730648,1555312731125
1464,1555312730690,1555312731175
1465,1555312730732,1555312731196
1466,1555312730772,1555312731210
1467,1555312730813,1555312731272
1468,1555312730855,1555312731311
1469,1555312730896,1555312731363
1470,1555312730941,1555312731380
1471,1555312730982,1555312731455
1472,1555312731023,1555312731486
1473,1555312731064,1555312731522
1474,1555312731105,1555312731560
1475,1555312731146,1555312731602
1476,1555312731188,1555312731634
1477,1555312731229,1555312731676
1478,1555312731271,1555312731719
1479,1555312731312,1555312731783
1480,1555312731352,1555312731820
1481,1555312731393,1555312731854
1482,1555312731434,1555312731898
1483,1555312731476,1555312731931
1484,1555312731517,1555312731995
1485,1555312731560,1555312732014
1486,1555312731600,1555312732052
1487,1555312731640,1555312732127
1488,1555312731680,1555312732132
1489,1555312731722,1555312732191
1490,1555312731765,1555312732222
1491,1555312731807,1555312732271
1493,1555312731889,1555312732503
1492,1555312731848,1555312732521
1495,1555312731973,1555312732523
1496,1555312732015,1555312732528
1497,1555312732057,1555312732537
1494,1555312731932,1555312732542
1498,1555312732098,1555312732577
1499,1555312732138,1555312732580
1500,1555312732179,1555312732643
1501,1555312732223,1555312732663
1502,1555312732265,1555312732709
1503,1555312732307,1555312732768
1504,1555312732349,1555312732817
1505,1555312732390,1555312732826
1506,1555312732431,1555312732880
1507,1555312732472,1555312732937
1508,1555312732514,1555312732984
1509,1555312732555,1555312733013
1510,1555312732596,1555312733041
1511,1555312732636,1555312733090
1512,1555312732677,1555312733135
1513,1555312732720,1555312733171
1514,1555312732761,1555312733209
1515,1555312732804,1555312733259
1516,1555312732846,1555312733338
1517,1555312732888,1555312733355
1518,1555312732931,1555312733398
1519,1555312732973,1555312733448
1520,1555312733014,1555312733469
1521,1555312733056,1555312733510
1522,1555312733097,1555312733530
1523,1555312733139,1555312733581
1524,1555312733180,1555312733611
1525,1555312733221,1555312733674
1526,1555312733263,1555312733709
1527,1555312733305,1555312733743
1528,1555312733349,1555312733810
1529,1555312733391,1555312733854
1530,1555312733432,1555312733876
1531,1555312733475,1555312733937
1532,1555312733516,1555312733979
1533,1555312733557,1555312734004
1534,1555312733599,1555312734071
1535,1555312733640,1555312734089
1536,1555312733681,1555312734120
1537,1555312733722,1555312734182
1538,1555312733763,1555312734218
1539,1555312733806,1555312734266
1540,1555312733848,1555312734292
1541,1555312733889,1555312734393
1542,1555312733931,1555312734398
1543,1555312733973,1555312734508
1544,1555312734015,1555312734510
1545,1555312734056,1555312734531
1547,1555312734137,1555312734611
1546,1555312734097,1555312734614
1548,1555312734178,1555312734652
1549,1555312734219,1555312734738
1550,1555312734261,1555312734741
1551,1555312734303,1555312734817
1552,1555312734390,1555312734855
1553,1555312734430,1555312734905
1554,1555312734471,1555312734957
1555,1555312734513,1555312735002
1556,1555312734566,1555312735020
1557,1555312734607,1555312735064
1558,1555312734648,1555312735114
1559,1555312734690,1555312735149
1560,1555312734732,1555312735168
1561,1555312734773,1555312735252
1562,1555312734815,1555312735281
1563,1555312734857,1555312735300
1564,1555312734899,1555312735362
1565,1555312734943,1555312735404
1566,1555312734984,1555312735428
1567,1555312735025,1555312735487
1568,1555312735066,1555312735542
1569,1555312735107,1555312735582
1570,1555312735150,1555312735621
1571,1555312735191,1555312735653
1572,1555312735233,1555312735671
1573,1555312735275,1555312735727
1574,1555312735316,1555312735798
1575,1555312735357,1555312735825
1576,1555312735400,1555312735886
1577,1555312735441,1555312735889
1578,1555312735482,1555312735956
1579,1555312735524,1555312735997
1580,1555312735566,1555312736008
1581,1555312735608,1555312736055
1582,1555312735648,1555312736084
1583,1555312735689,1555312736178
1584,1555312735731,1555312736203
1585,1555312735775,1555312736228
1586,1555312735817,1555312736267
1587,1555312735859,1555312736312
1588,1555312735901,1555312736337
1590,1555312735984,1555312736428
1589,1555312735943,1555312736430
1591,1555312736026,1555312736500
1592,1555312736068,1555312736535
1593,1555312736110,1555312736577
1594,1555312736150,1555312736586
1595,1555312736190,1555312736625
1597,1555312736273,1555312736723
1596,1555312736233,1555312736737
1598,1555312736316,1555312736764
1599,1555312736358,1555312736795
1600,1555312736399,1555312736863
1601,1555312736441,1555312736900
1602,1555312736483,1555312736963
1603,1555312736523,1555312736978
1604,1555312736564,1555312737016
1605,1555312736605,1555312737048
1606,1555312736644,1555312737100
1607,1555312736685,1555312737139
1608,1555312736726,1555312737212
1609,1555312736768,1555312737232
1610,1555312736808,1555312737286
1611,1555312736850,1555312737299
1612,1555312736892,1555312737354
1613,1555312736937,1555312737394
1614,1555312736979,1555312737425
1615,1555312737022,1555312737468
1616,1555312737064,1555312737517
1617,1555312737104,1555312737582
1618,1555312737145,1555312737590
1619,1555312737187,1555312737638
1620,1555312737229,1555312737670
1621,1555312737271,1555312737739
1622,1555312737313,1555312737791
1623,1555312737354,1555312737840
1624,1555312737395,1555312737864
1625,1555312737437,1555312737883
1626,1555312737478,1555312737917
1627,1555312737524,1555312737975
1628,1555312737566,1555312738031
1629,1555312737609,1555312738048
1630,1555312737650,1555312738112
1631,1555312737690,1555312738136
1632,1555312737732,1555312738189
1634,1555312737816,1555312738262
1633,1555312737774,1555312738264
1636,1555312737900,1555312738336
1635,1555312737858,1555312738349
1637,1555312737941,1555312738390
1638,1555312737982,1555312738441
1639,1555312738025,1555312738491
1640,1555312738067,1555312738537
1641,1555312738110,1555312738572
1642,1555312738152,1555312738633
1643,1555312738192,1555312738649
1644,1555312738234,1555312738702
1645,1555312738277,1555312738738
1646,1555312738318,1555312738772
1647,1555312738360,1555312738807
1648,1555312738401,1555312738872
1649,1555312738443,1555312738909
1650,1555312738485,1555312738944
1651,1555312738528,1555312739000
1652,1555312738569,1555312739003
1653,1555312738610,1555312739098
1654,1555312738652,1555312739108
1655,1555312738693,1555312739146
1656,1555312738734,1555312739213
1657,1555312738774,1555312739222
1658,1555312738817,1555312739259
1659,1555312738857,1555312739306
1660,1555312738899,1555312739356
1661,1555312738940,1555312739416
1662,1555312738981,1555312739424
1663,1555312739022,1555312739476
1664,1555312739063,1555312739549
1665,1555312739106,1555312739549
1666,1555312739146,1555312739598
1667,1555312739187,1555312739625
1668,1555312739228,1555312739704
1669,1555312739270,1555312739718
1670,1555312739310,1555312739760
1671,1555312739352,1555312739832
1672,1555312739394,1555312739875
1673,1555312739435,1555312739922
1674,1555312739478,1555312739954
1675,1555312739519,1555312740002
1676,1555312739561,1555312740017
1677,1555312739602,1555312740062
1678,1555312739643,1555312740097
1679,1555312739684,1555312740168
1680,1555312739726,1555312740170
1681,1555312739767,1555312740254
1682,1555312739808,1555312740270
1683,1555312739849,1555312740285
1684,1555312739890,1555312740361
1685,1555312739932,1555312740379
1686,1555312739973,1555312740425
1687,1555312740014,1555312740502
1688,1555312740056,1555312740519
1689,1555312740099,1555312740565
1690,1555312740140,1555312740588
1691,1555312740181,1555312740630
1692,1555312740222,1555312740685
1693,1555312740263,1555312740731
1694,1555312740303,1555312740752
1695,1555312740345,1555312740794
1696,1555312740386,1555312740864
1697,1555312740426,1555312740908
1698,1555312740468,1555312740910
1699,1555312740509,1555312740972
1700,1555312740551,1555312741010
1701,1555312740593,1555312741037
1702,1555312740634,1555312741107
1704,1555312740716,1555312741155
1703,1555312740674,1555312741160
1705,1555312740758,1555312741216
1706,1555312740799,1555312741238
1707,1555312740841,1555312741297
1709,1555312740925,1555312741368
1708,1555312740883,1555312741372
1710,1555312740965,1555312741437
1711,1555312741006,1555312741480
1712,1555312741048,1555312741501
1713,1555312741089,1555312741546
1714,1555312741129,1555312741572
1715,1555312741170,1555312741629
1716,1555312741210,1555312741681
1717,1555312741252,1555312741700
1718,1555312741294,1555312741786
1719,1555312741338,1555312741812
1720,1555312741379,1555312741840
1721,1555312741423,1555312741892
1722,1555312741465,1555312741915
1723,1555312741506,1555312741956
1724,1555312741548,1555312742005
1725,1555312741589,1555312742024
1726,1555312741630,1555312742090
1727,1555312741670,1555312742135
1728,1555312741712,1555312742198
1729,1555312741754,1555312742232
1730,1555312741793,1555312742240
1731,1555312741835,1555312742275
1732,1555312741878,1555312742358
1733,1555312741920,1555312742363
1734,1555312741962,1555312742408
1735,1555312742003,1555312742439
1736,1555312742044,1555312742507
1737,1555312742085,1555312742521
1738,1555312742126,1555312742564
1739,1555312742167,1555312742611
1740,1555312742209,1555312742689
1741,1555312742250,1555312742715
1742,1555312742293,1555312742754
1743,1555312742334,1555312742777
1744,1555312742376,1555312742843
1745,1555312742417,1555312742898
1746,1555312742459,1555312742952
1747,1555312742501,1555312742954
1748,1555312742543,1555312742995
1749,1555312742585,1555312743042
1750,1555312742627,1555312743070
1751,1555312742667,1555312743144
1752,1555312742708,1555312743195
1753,1555312742749,1555312743208
1754,1555312742791,1555312743253
1755,1555312742833,1555312743277
1756,1555312742874,1555312743341
1757,1555312742915,1555312743386
1758,1555312742957,1555312743424
1759,1555312742998,1555312743466
1760,1555312743039,1555312743477
1761,1555312743080,1555312743556
1762,1555312743121,1555312743593
1763,1555312743164,1555312743634
1764,1555312743206,1555312743642
1765,1555312743249,1555312743709
1766,1555312743291,1555312743742
1767,1555312743333,1555312743795
1768,1555312743375,1555312743848
1769,1555312743416,1555312743867
1770,1555312743457,1555312743919
1771,1555312743498,1555312743935
1772,1555312743540,1555312743978
1773,1555312743582,1555312744053
1774,1555312743623,1555312744062
1775,1555312743664,1555312744125
1776,1555312743705,1555312744208
1777,1555312743746,1555312744230
1778,1555312743788,1555312744256
1779,1555312743829,1555312744268
1780,1555312743871,1555312744347
1781,1555312743913,1555312744370
1782,1555312743954,1555312744402
1783,1555312743995,1555312744464
1784,1555312744038,1555312744497
1785,1555312744078,1555312744558
1786,1555312744120,1555312744570
1787,1555312744160,1555312744628
1788,1555312744201,1555312744678
1789,1555312744242,1555312744719
1790,1555312744283,1555312744745
1791,1555312744325,1555312744765
1792,1555312744366,1555312744816
1794,1555312744450,1555312744893
1793,1555312744408,1555312744896
1795,1555312744490,1555312744950
1796,1555312744531,1555312744969
1797,1555312744572,1555312745062
1798,1555312744614,1555312745063
1799,1555312744655,1555312745115
1800,1555312744695,1555312745142
1801,1555312744737,1555312745193
1802,1555312744777,1555312745224
1803,1555312744818,1555312745293
1805,1555312744901,1555312745336
1804,1555312744860,1555312745349
1806,1555312744941,1555312745402
1807,1555312744983,1555312745445
1808,1555312745024,1555312745480
1810,1555312745108,1555312745542
1809,1555312745066,1555312745545
1811,1555312745149,1555312745585
1812,1555312745190,1555312745654
1813,1555312745232,1555312745679
1814,1555312745274,1555312745740
1815,1555312745315,1555312745778
1816,1555312745355,1555312745791
1817,1555312745397,1555312745843
1819,1555312745481,1555312745927
1818,1555312745439,1555312745932
1820,1555312745522,1555312745998
1821,1555312745564,1555312746036
1822,1555312745605,1555312746068
1823,1555312745646,1555312746097
1824,1555312745687,1555312746134
1825,1555312745729,1555312746173
1826,1555312745771,1555312746260
1827,1555312745812,1555312746265
1828,1555312745853,1555312746290
1829,1555312745894,1555312746339
1830,1555312745937,1555312746385
1832,1555312746020,1555312746457
1831,1555312745978,1555312746459
1833,1555312746064,1555312746535
1834,1555312746106,1555312746541
1835,1555312746147,1555312746583
1836,1555312746188,1555312746631
1837,1555312746230,1555312746673
1838,1555312746271,1555312746740
1839,1555312746313,1555312746782
1840,1555312746356,1555312746827
1841,1555312746398,1555312746874
1842,1555312746439,1555312746906
1843,1555312746480,1555312746944
1844,1555312746522,1555312746982
1845,1555312746564,1555312747033
1847,1555312746647,1555312747085
1846,1555312746606,1555312747100
1849,1555312746729,1555312747171
1848,1555312746688,1555312747186
1850,1555312746771,1555312747251
1851,1555312746811,1555312747458
1855,1555312746977,1555312747475
1852,1555312746853,1555312747480
1854,1555312746935,1555312747487
1853,1555312746894,1555312747502
1857,1555312747060,1555312747521
1856,1555312747018,1555312747537
1859,1555312747141,1555312747603
1858,1555312747101,1555312747604
1860,1555312747182,1555312747655
1861,1555312747223,1555312747729
1862,1555312747267,1555312747737
1864,1555312747352,1555312747818
1865,1555312747394,1555312747849
1863,1555312747309,1555312747861
1866,1555312747436,1555312747922
1868,1555312747518,1555312747960
1867,1555312747477,1555312747963
1869,1555312747559,1555312748046
1870,1555312747602,1555312748089
1871,1555312747643,1555312748095
1872,1555312747684,1555312748133
1873,1555312747725,1555312748198
1874,1555312747766,1555312748210
1875,1555312747807,1555312748284
1876,1555312747850,1555312748331
1877,1555312747891,1555312748341
1878,1555312747932,1555312748400
1879,1555312747973,1555312748420
1880,1555312748015,1555312748481
1881,1555312748055,1555312748500
1882,1555312748097,1555312748546
1883,1555312748138,1555312748613
1884,1555312748177,1555312748628
1885,1555312748219,1555312748694
1886,1555312748259,1555312748747
1887,1555312748301,1555312748772
1888,1555312748341,1555312748791
1889,1555312748383,1555312748856
1890,1555312748425,1555312748884
1891,1555312748467,1555312748930
1892,1555312748509,1555312748984
1893,1555312748552,1555312748997
1894,1555312748594,1555312749060
1896,1555312748676,1555312749155
1895,1555312748635,1555312749155
1897,1555312748717,1555312749161
1899,1555312748801,1555312749269
1898,1555312748759,1555312749276
1900,1555312748843,1555312749373
1901,1555312748884,1555312749388
1902,1555312748925,1555312749390
1905,1555312749048,1555312749514
1904,1555312749007,1555312749519
1903,1555312748966,1555312749538
1906,1555312749150,1555312749596
1907,1555312749191,1555312749691
1908,1555312749232,1555312749722
1909,1555312749273,1555312749743
1910,1555312749315,1555312749808
1911,1555312749357,1555312749815
1912,1555312749399,1555312749857
1913,1555312749439,1555312749873
1914,1555312749480,1555312749948
1915,1555312749522,1555312749965
1916,1555312749564,1555312750024
1917,1555312749606,1555312750055
1918,1555312749648,1555312750111
1919,1555312749688,1555312750152
1920,1555312749729,1555312750202
1921,1555312749769,1555312750227
1922,1555312749810,1555312750286
1923,1555312749853,1555312750335
1924,1555312749894,1555312750386
1925,1555312749935,1555312750401
1926,1555312749975,1555312750448
1928,1555312750059,1555312750519
1929,1555312750100,1555312750581
1927,1555312750018,1555312750586
1931,1555312750184,1555312750674
1930,1555312750141,1555312750691
1933,1555312750267,1555312750756
1932,1555312750226,1555312750759
1935,1555312750349,1555312750860
1936,1555312750389,1555312750869
1934,1555312750308,1555312750887
1937,1555312750432,1555312750931
1938,1555312750475,1555312750934
1939,1555312750517,1555312751025
1940,1555312750558,1555312751037
1941,1555312750598,1555312751092
1942,1555312750640,1555312751117
1943,1555312750681,1555312751175
1945,1555312750766,1555312751229
1944,1555312750723,1555312751230
1946,1555312750813,1555312751280
1947,1555312750858,1555312751323
1948,1555312750899,1555312751362
1949,1555312750940,1555312751410
1951,1555312751021,1555312751456
1950,1555312750981,1555312751481
1952,1555312751063,1555312751528
1953,1555312751105,1555312751576
1954,1555312751145,1555312751619
1955,1555312751186,1555312751637
1956,1555312751227,1555312751708
1957,1555312751268,1555312751709
1958,1555312751309,1555312751772
1959,1555312751349,1555312751789
1960,1555312751388,1555312751826
1961,1555312751429,1555312751933
1962,1555312751470,1555312751944
1963,1555312751510,1555312751957
1964,1555312751551,1555312752004
1965,1555312751591,1555312752080
1966,1555312751631,1555312752108
1968,1555312751712,1555312752182
1967,1555312751672,1555312752183
1969,1555312751753,1555312752235
1970,1555312751794,1555312752328
1971,1555312751833,1555312752334
1972,1555312751874,1555312752362
1975,1555312751996,1555312752460
1974,1555312751955,1555312752462
1973,1555312751914,1555312752466
1976,1555312752037,1555312752486
1978,1555312752118,1555312752570
1977,1555312752077,1555312752571
1979,1555312752158,1555312752645
1981,1555312752240,1555312752784
1980,1555312752199,1555312752787
1982,1555312752281,1555312752800
1983,1555312752323,1555312752804
1984,1555312752365,1555312752900
1986,1555312752451,1555312752900
1985,1555312752408,1555312752902
1987,1555312752491,1555312753029
1988,1555312752533,1555312753034
1990,1555312752616,1555312753076
1989,1555312752575,1555312753090
1991,1555312752656,1555312753174
1992,1555312752697,1555312753186
1993,1555312752737,1555312753203
1995,1555312752822,1555312753279
1994,1555312752780,1555312753284
1996,1555312752866,1555312753345
1997,1555312752907,1555312753388
1998,1555312752948,1555312753443
1999,1555312752989,1555312753473
2001,1555312753073,1555312753539
2000,1555312753030,1555312753563
2002,1555312753116,1555312753594
2003,1555312753157,1555312753624
2004,1555312753198,1555312753684
2005,1555312753239,1555312753700
2006,1555312753280,1555312753723
2007,1555312753321,1555312753810
2008,1555312753363,1555312753823
2009,1555312753404,1555312753891
2011,1555312753494,1555312753996
2010,1555312753450,1555312753998
2012,1555312753534,1555312754009
2014,1555312753618,1555312754094
2013,1555312753576,1555312754105
2015,1555312753660,1555312754118
2018,1555312753783,1555312754249
2016,1555312753701,1555312754250
2017,1555312753742,1555312754251
2020,1555312753867,1555312754341
2019,1555312753825,1555312754351
2021,1555312753909,1555312754374
2022,1555312753951,1555312754402
2023,1555312753993,1555312754479
2024,1555312754035,1555312754503
2025,1555312754077,1555312754525
2026,1555312754119,1555312754614
2027,1555312754160,1555312754619
2028,1555312754200,1555312754703
2029,1555312754242,1555312754755
2031,1555312754325,1555312754781
2030,1555312754283,1555312754782
2032,1555312754366,1555312754863
2033,1555312754407,1555312754874
2034,1555312754449,1555312754962
2035,1555312754491,1555312754999
2036,1555312754533,1555312755040
2037,1555312754577,1555312755051
2038,1555312754620,1555312755103
2039,1555312754662,1555312755128
2040,1555312754703,1555312755205
2041,1555312754744,1555312755218
2042,1555312754786,1555312755270
2043,1555312754829,1555312755345
2044,1555312754871,1555312755350
2046,1555312754955,1555312755467
2045,1555312754913,1555312755468
2047,1555312754996,1555312755480
2048,1555312755037,1555312755494
2050,1555312755121,1555312755597
2049,1555312755079,1555312755614
2052,1555312755204,1555312755715
2053,1555312755244,1555312755717
2051,1555312755163,1555312755723
2054,1555312755286,1555312755742
2055,1555312755327,1555312755797
2056,1555312755368,1555312755841
2057,1555312755409,1555312755872
2058,1555312755451,1555312755956
2059,1555312755492,1555312755962
2060,1555312755533,1555312756007
2061,1555312755574,1555312756068
2063,1555312755655,1555312756113
2062,1555312755615,1555312756127
2065,1555312755737,1555312756215
2064,1555312755696,1555312756220
2066,1555312755780,1555312756280
2068,1555312755863,1555312756338
2067,1555312755821,1555312756379
2069,1555312755904,1555312756391
2070,1555312755947,1555312756417
2071,1555312755989,1555312756508
2072,1555312756032,1555312756510
2073,1555312756074,1555312756518
2074,1555312756115,1555312756583
2075,1555312756156,1555312756638
2077,1555312756239,1555312756693
2076,1555312756197,1555312756716
2078,1555312756281,1555312756751
2079,1555312756322,1555312756826
2081,1555312756404,1555312756879
2080,1555312756363,1555312756883
2082,1555312756445,1555312756991
2083,1555312756487,1555312757005
2084,1555312756527,1555312757010
2085,1555312756570,1555312757015
2086,1555312756610,1555312757119
2087,1555312756651,1555312757140
2088,1555312756691,1555312757171
2089,1555312756732,1555312757236
2090,1555312756774,1555312757253
2091,1555312756815,1555312757295
2092,1555312756856,1555312757348
2093,1555312756898,1555312757383
2094,1555312756939,1555312757392
2095,1555312756980,1555312757473
2096,1555312757022,1555312757497
2098,1555312757105,1555312757556
2097,1555312757064,1555312757575
2099,1555312757146,1555312757623
2100,1555312757186,1555312757667
2101,1555312757228,1555312757688
2102,1555312757270,1555312757727
2103,1555312757311,1555312757778
2104,1555312757350,1555312757814
2105,1555312757393,1555312757832
2106,1555312757434,1555312757888
2107,1555312757475,1555312757924
2108,1555312757516,1555312757991
2109,1555312757557,1555312758024
2110,1555312757598,1555312758042
2111,1555312757639,1555312758084
2112,1555312757679,1555312758136
2113,1555312757721,1555312758187
2114,1555312757762,1555312758214
2115,1555312757802,1555312758284
2116,1555312757843,1555312758309
2118,1555312757924,1555312758396
2117,1555312757884,1555312758401
2119,1555312757965,1555312758514
2121,1555312758048,1555312758536
2120,1555312758007,1555312758541
2122,1555312758089,1555312758571
2123,1555312758129,1555312758632
2124,1555312758169,1555312758644
2125,1555312758210,1555312758650
2127,1555312758291,1555312758759
2126,1555312758251,1555312758764
2128,1555312758331,1555312758802
2130,1555312758412,1555312758912
2129,1555312758371,1555312758913
2131,1555312758455,1555312758926
2132,1555312758497,1555312758994
2133,1555312758536,1555312758998
2134,1555312758578,1555312759030
2135,1555312758619,1555312759151
2136,1555312758659,1555312759207
2139,1555312758784,1555312759223
2138,1555312758742,1555312759227
2137,1555312758701,1555312759230
2140,1555312758826,1555312759262
2141,1555312758867,1555312759325
2142,1555312758909,1555312759401
2144,1555312758992,1555312759435
2143,1555312758951,1555312759448
2145,1555312759034,1555312759510
2146,1555312759075,1555312759547
2147,1555312759114,1555312759599
2148,1555312759157,1555312759649
2149,1555312759197,1555312759693
2150,1555312759238,1555312759694
2151,1555312759277,1555312759730
2152,1555312759321,1555312759802
2153,1555312759363,1555312759841
2154,1555312759405,1555312759876
2155,1555312759446,1555312759921
2156,1555312759487,1555312759956
2157,1555312759529,1555312760025
2158,1555312759571,1555312760039
2159,1555312759613,1555312760060
2161,1555312759694,1555312760153
2160,1555312759654,1555312760161
2162,1555312759734,1555312760231
2163,1555312759776,1555312760266
2164,1555312759818,1555312760302
2165,1555312759859,1555312760389
2166,1555312759900,1555312760399
2168,1555312759981,1555312760434
2167,1555312759941,1555312760438
2169,1555312760023,1555312760510
2170,1555312760064,1555312760538
2171,1555312760107,1555312760577
2172,1555312760148,1555312760617
2173,1555312760188,1555312760685
2174,1555312760229,1555312760716
2175,1555312760270,1555312760727
2176,1555312760311,1555312760808
2177,1555312760354,1555312760827
2178,1555312760395,1555312760841
2179,1555312760437,1555312760937
2180,1555312760478,1555312760955
2181,1555312760519,1555312761022
2182,1555312760561,1555312761051
2183,1555312760603,1555312761052
2184,1555312760644,1555312761116
2185,1555312760685,1555312761202
2186,1555312760726,1555312761220
2187,1555312760767,1555312761276
2189,1555312760850,1555312761308
2188,1555312760809,1555312761329
2190,1555312760892,1555312761383
2191,1555312760934,1555312761433
2192,1555312760976,1555312761455
2193,1555312761017,1555312761521
2194,1555312761057,1555312761525
2196,1555312761139,1555312761612
2195,1555312761098,1555312761624
2197,1555312761180,1555312761638
2198,1555312761221,1555312761675
2199,1555312761263,1555312761744
2200,1555312761303,1555312761796
2201,1555312761344,1555312761837
2202,1555312761385,1555312761870
2203,1555312761428,1555312761929
2204,1555312761470,1555312761957
2205,1555312761511,1555312762045
2206,1555312761553,1555312762053
2207,1555312761594,1555312762055
2208,1555312761635,1555312762148
2209,1555312761675,1555312762151
2210,1555312761716,1555312762183
2211,1555312761757,1555312762241
2216,1555312761965,1555312762494
2217,1555312762006,1555312762505
2214,1555312761882,1555312762511
2215,1555312761923,1555312762512
2213,1555312761841,1555312762513
2212,1555312761798,1555312762518
2219,1555312762090,1555312762587
2218,1555312762048,1555312762614
2221,1555312762172,1555312762636
2220,1555312762131,1555312762638
2222,1555312762212,1555312762696
2224,1555312762295,1555312762749
2223,1555312762254,1555312762751
2225,1555312762337,1555312762801
2226,1555312762380,1555312762850
2227,1555312762420,1555312762877
2228,1555312762462,1555312762944
2229,1555312762506,1555312762984
2230,1555312762549,1555312762994
2231,1555312762589,1555312763045
2232,1555312762630,1555312763090
2233,1555312762671,1555312763102
2234,1555312762710,1555312763158
2235,1555312762752,1555312763203
2236,1555312762796,1555312763239
2237,1555312762838,1555312763325
2238,1555312762881,1555312763332
2239,1555312762923,1555312763388
2240,1555312762964,1555312763415
2241,1555312763005,1555312763490
2242,1555312763048,1555312763496
2243,1555312763090,1555312763547
2244,1555312763131,1555312763606
2245,1555312763171,1555312763619
2246,1555312763213,1555312763665
2247,1555312763254,1555312763719
2248,1555312763295,1555312763739
2249,1555312763337,1555312763791
2250,1555312763379,1555312763844
2251,1555312763420,1555312763883
2252,1555312763461,1555312763940
2253,1555312763504,1555312763971
2254,1555312763548,1555312764018
2255,1555312763591,1555312764037
2256,1555312763633,1555312764114
2257,1555312763674,1555312764157
2258,1555312763714,1555312764178
2259,1555312763755,1555312764292
2260,1555312763796,1555312764292
2262,1555312763879,1555312764397
2261,1555312763838,1555312764421
2264,1555312763962,1555312764428
2263,1555312763920,1555312764430
2266,1555312764045,1555312764535
2265,1555312764004,1555312764547
2267,1555312764086,1555312764549
2269,1555312764169,1555312764650
2268,1555312764128,1555312764674
2270,1555312764210,1555312764692
2271,1555312764288,1555312764780
2272,1555312764329,1555312764784
2273,1555312764370,1555312764854
2274,1555312764422,1555312764879
2275,1555312764464,1555312764927
2276,1555312764504,1555312764970
2277,1555312764544,1555312765016
2278,1555312764585,1555312765034
2279,1555312764635,1555312765094
2280,1555312764676,1555312765130
2281,1555312764716,1555312765166
2282,1555312764757,1555312765232
2283,1555312764797,1555312765248
2285,1555312764879,1555312765321
2284,1555312764838,1555312765350
2286,1555312764920,1555312765364
2287,1555312764963,1555312765424
2288,1555312765004,1555312765483
2289,1555312765044,1555312765485
2290,1555312765086,1555312765533
2291,1555312765127,1555312765594
2292,1555312765168,1555312765636
2293,1555312765209,1555312765680
2294,1555312765250,1555312765718
2295,1555312765291,1555312765761
2296,1555312765332,1555312765815
2297,1555312765373,1555312765868
2298,1555312765414,1555312765885
2299,1555312765455,1555312765933
2300,1555312765496,1555312765968
2301,1555312765537,1555312766027
2302,1555312765578,1555312766094
2303,1555312765618,1555312766101
2305,1555312765700,1555312766193
2304,1555312765659,1555312766205
2308,1555312765822,1555312766328
2307,1555312765781,1555312766341
2306,1555312765740,1555312766348
2309,1555312765864,1555312766365
2310,1555312765906,1555312766435
2311,1555312765947,1555312766439
2312,1555312765989,1555312766493
2313,1555312766032,1555312766576
2314,1555312766073,1555312766591
2315,1555312766118,1555312766614
2316,1555312766161,1555312766657
2317,1555312766203,1555312766666
2319,1555312766286,1555312766725
2318,1555312766244,1555312766728
2320,1555312766329,1555312766772
2321,1555312766370,1555312766846
2322,1555312766413,1555312766928
2323,1555312766454,1555312766939
2324,1555312766495,1555312766969
2326,1555312766580,1555312767036
2325,1555312766538,1555312767046
2327,1555312766621,1555312767074
2329,1555312766704,1555312767161
2328,1555312766663,1555312767189
2330,1555312766745,1555312767299
2331,1555312766787,1555312767311
2332,1555312766829,1555312767317
2333,1555312766871,1555312767347
2334,1555312766914,1555312767376
2335,1555312766955,1555312767413
2337,1555312767038,1555312767487
2336,1555312766997,1555312767493
2339,1555312767122,1555312767582
2338,1555312767081,1555312767589
2340,1555312767162,1555312767628
2341,1555312767204,1555312767663
2342,1555312767247,1555312767733
2343,1555312767287,1555312767748
2344,1555312767328,1555312767790
2345,1555312767371,1555312767807
2346,1555312767414,1555312767860
2347,1555312767456,1555312767918
2348,1555312767498,1555312767948
2349,1555312767540,1555312768001
2350,1555312767579,1555312768046
2351,1555312767620,1555312768070
2352,1555312767662,1555312768135
2353,1555312767703,1555312768176
2354,1555312767744,1555312768212
2355,1555312767786,1555312768278
2356,1555312767829,1555312768288
2357,1555312767869,1555312768343
2358,1555312767909,1555312768376
2359,1555312767951,1555312768390
2360,1555312767995,1555312768459
2361,1555312768037,1555312768500
2362,1555312768078,1555312768529
2363,1555312768120,1555312768598
2364,1555312768160,1555312768615
2365,1555312768202,1555312768665
2366,1555312768243,1555312768785
2367,1555312768284,1555312768825
2368,1555312768326,1555312768826
2369,1555312768372,1555312768839
2370,1555312768413,1555312768895
2371,1555312768454,1555312768938
2372,1555312768495,1555312768980
2373,1555312768536,1555312769009
2375,1555312768620,1555312769066
2374,1555312768578,1555312769075
2377,1555312768702,1555312769160
2376,1555312768661,1555312769192
2378,1555312768742,1555312769215
2379,1555312768787,1555312769269
2380,1555312768828,1555312769274
2381,1555312768869,1555312769344
2382,1555312768910,1555312769378
2383,1555312768952,1555312769425
2384,1555312768992,1555312769469
2385,1555312769033,1555312769500
2386,1555312769076,1555312769528
2387,1555312769116,1555312769603
2388,1555312769157,1555312769634
2389,1555312769198,1555312769678
2390,1555312769240,1555312769735
2391,1555312769281,1555312769740
2393,1555312769365,1555312769844
2392,1555312769322,1555312769870
2394,1555312769405,1555312769887
2395,1555312769447,1555312769933
2396,1555312769488,1555312769989
2398,1555312769570,1555312770016
2397,1555312769530,1555312770018
2399,1555312769611,1555312770101
2400,1555312769654,1555312770120
2401,1555312769695,1555312770173
2402,1555312769736,1555312770231
2403,1555312769778,1555312770244
2404,1555312769819,1555312770259
2405,1555312769861,1555312770330
2406,1555312769903,1555312770391
2407,1555312769943,1555312770399
2408,1555312769983,1555312770457
2409,1555312770025,1555312770466
2411,1555312770105,1555312770574
2410,1555312770066,1555312770576
2412,1555312770148,1555312770617
2413,1555312770192,1555312770637
2414,1555312770233,1555312770730
2415,1555312770273,1555312770753
2416,1555312770314,1555312770772
2417,1555312770355,1555312770834
2418,1555312770396,1555312770867
2419,1555312770438,1555312770913
2420,1555312770479,1555312770975
2421,1555312770520,1555312770987
2422,1555312770562,1555312771011
2423,1555312770604,1555312771063
2424,1555312770645,1555312771094
2425,1555312770686,1555312771159
2426,1555312770727,1555312771215
2427,1555312770768,1555312771231
2428,1555312770810,1555312771268
2429,1555312770851,1555312771300
2430,1555312770892,1555312771369
2431,1555312770933,1555312771385
2432,1555312770976,1555312771409
2433,1555312771019,1555312771508
2434,1555312771061,1555312771540
2435,1555312771102,1555312771595
2436,1555312771143,1555312771604
2437,1555312771183,1555312771630
2438,1555312771222,1555312771688
2439,1555312771264,1555312771708
2440,1555312771305,1555312771772
2441,1555312771346,1555312771809
2442,1555312771388,1555312771857
2443,1555312771431,1555312771879
2444,1555312771472,1555312771967
2445,1555312771513,1555312771974
2446,1555312771555,1555312772016
2447,1555312771595,1555312772061
2448,1555312771636,1555312772105
2449,1555312771677,1555312772125
2450,1555312771719,1555312772158
2451,1555312771760,1555312772198
2453,1555312771843,1555312772289
2452,1555312771801,1555312772291
2454,1555312771885,1555312772360
2455,1555312771928,1555312772369
2456,1555312771969,1555312772404
2457,1555312772010,1555312772477
2458,1555312772053,1555312772570
2460,1555312772135,1555312772585
2459,1555312772094,1555312772590
2461,1555312772177,1555312772678
2462,1555312772216,1555312772690
2463,1555312772257,1555312772701
2464,1555312772299,1555312772787
2465,1555312772339,1555312772797
2466,1555312772380,1555312772883
2467,1555312772421,1555312772909
2468,1555312772463,1555312772942
2469,1555312772503,1555312772976
2470,1555312772546,1555312773003
2471,1555312772586,1555312773058
2472,1555312772629,1555312773073
2473,1555312772669,1555312773128
2474,1555312772710,1555312773182
2475,1555312772751,1555312773221
2476,1555312772792,1555312773252
2477,1555312772835,1555312773278
2479,1555312772920,1555312773382
2478,1555312772878,1555312773384
2480,1555312772961,1555312773433
2481,1555312773002,1555312773482
2482,1555312773042,1555312773496
2483,1555312773083,1555312773549
2484,1555312773124,1555312773583
2485,1555312773165,1555312773646
2486,1555312773206,1555312773661
2487,1555312773248,1555312773741
2488,1555312773289,1555312773762
2489,1555312773331,1555312773783
2490,1555312773372,1555312773813
2491,1555312773415,1555312773853
2492,1555312773458,1555312773946
2493,1555312773499,1555312773956
2494,1555312773540,1555312774014
2495,1555312773580,1555312774043
2496,1555312773621,1555312774069
2497,1555312773661,1555312774163
2498,1555312773702,1555312774206
2499,1555312773742,1555312774214
2500,1555312773785,1555312774288
2501,1555312773826,1555312774323
2502,1555312773866,1555312774405
2503,1555312773907,1555312774409
2504,1555312773949,1555312774452
2505,1555312773991,1555312774511
2506,1555312774033,1555312774550
2507,1555312774073,1555312774570
2508,1555312774114,1555312774590
2510,1555312774196,1555312774635
2509,1555312774155,1555312774653
2511,1555312774236,1555312774680
2512,1555312774277,1555312774736
2513,1555312774319,1555312774765
2514,1555312774360,1555312774833
2515,1555312774401,1555312774864
2516,1555312774442,1555312774882
2517,1555312774484,1555312774948
2518,1555312774524,1555312774976
2519,1555312774566,1555312775001
2520,1555312774608,1555312775082
2521,1555312774649,1555312775105
2522,1555312774689,1555312775160
2523,1555312774730,1555312775217
2524,1555312774771,1555312775238
2525,1555312774812,1555312775252
2526,1555312774853,1555312775309
2527,1555312774893,1555312775360
2528,1555312774933,1555312775396
2529,1555312774974,1555312775424
2530,1555312775016,1555312775482
2531,1555312775057,1555312775523
2533,1555312775142,1555312775583
2532,1555312775099,1555312775592
2534,1555312775183,1555312775644
2535,1555312775224,1555312775686
2536,1555312775265,1555312775733
2537,1555312775307,1555312775740
2538,1555312775348,1555312775788
2539,1555312775391,1555312775832
2540,1555312775432,1555312775889
2541,1555312775473,1555312775919
2542,1555312775514,1555312775969
2543,1555312775555,1555312776025
2544,1555312775598,1555312776056
2545,1555312775641,1555312776078
2546,1555312775682,1555312776130
2547,1555312775722,1555312776181
2548,1555312775762,1555312776220
2549,1555312775804,1555312776280
2550,1555312775845,1555312776335
2551,1555312775886,1555312776365
2552,1555312775927,1555312776403
2554,1555312776009,1555312776459
2553,1555312775969,1555312776463
2555,1555312776050,1555312776521
2556,1555312776092,1555312776567
2558,1555312776173,1555312776624
2557,1555312776132,1555312776630
2560,1555312776253,1555312776703
2559,1555312776213,1555312776706
2561,1555312776294,1555312776775
2562,1555312776336,1555312776804
2563,1555312776378,1555312776833
2564,1555312776419,1555312776882
2565,1555312776460,1555312776968
2566,1555312776502,1555312776986
2567,1555312776543,1555312777006
2568,1555312776585,1555312777101
2570,1555312776668,1555312777143
2569,1555312776626,1555312777144
2571,1555312776709,1555312777224
2572,1555312776750,1555312777234
2573,1555312776793,1555312777377
2574,1555312776835,1555312777476
2575,1555312776876,1555312777496
2578,1555312777002,1555312777505
2577,1555312776959,1555312777510
2576,1555312776917,1555312777551
2579,1555312777042,1555312777597
2580,1555312777083,1555312777602
2581,1555312777124,1555312777602
2582,1555312777165,1555312777605
2583,1555312777206,1555312777694
2584,1555312777247,1555312777732
2585,1555312777289,1555312777763
2586,1555312777331,1555312777779
2587,1555312777372,1555312777882
2588,1555312777415,1555312777890
2589,1555312777456,1555312777989
2590,1555312777497,1555312777991
2591,1555312777543,1555312778014
2593,1555312777624,1555312778161
2592,1555312777584,1555312778173
2594,1555312777665,1555312778173
2596,1555312777748,1555312778260
2595,1555312777706,1555312778262
2597,1555312777790,1555312778277
2599,1555312777872,1555312778390
2598,1555312777831,1555312778397
2600,1555312777913,1555312778408
2602,1555312777995,1555312778513
2601,1555312777955,1555312778518
2603,1555312778037,1555312778540
2604,1555312778078,1555312778580
2605,1555312778120,1555312778595
2606,1555312778161,1555312778643
2608,1555312778243,1555312778694
2607,1555312778202,1555312778722
2609,1555312778284,1555312778744
2610,1555312778327,1555312778793
2611,1555312778369,1555312778814
2612,1555312778411,1555312778895
2613,1555312778451,1555312778901
2614,1555312778494,1555312778972
2615,1555312778535,1555312779013
2617,1555312778617,1555312779063
2616,1555312778577,1555312779062
2618,1555312778659,1555312779113
2619,1555312778700,1555312779155
2620,1555312778741,1555312779206
2621,1555312778783,1555312779233
2622,1555312778825,1555312779270
2623,1555312778866,1555312779328
2624,1555312778907,1555312779472
2625,1555312778949,1555312779474
2626,1555312778992,1555312779476
2629,1555312779113,1555312779589
2627,1555312779033,1555312779590
2628,1555312779073,1555312779600
2630,1555312779154,1555312779685
2631,1555312779193,1555312779685
2632,1555312779233,1555312779702
2635,1555312779357,1555312779817
2633,1555312779275,1555312779824
2634,1555312779316,1555312779830
2636,1555312779471,1555312779961
2638,1555312779553,1555312780008
2637,1555312779512,1555312780017
2639,1555312779594,1555312780064
2640,1555312779637,1555312780106
2641,1555312779679,1555312780138
2642,1555312779720,1555312780203
2643,1555312779760,1555312780209
2644,1555312779801,1555312780239
2647,1555312779924,1555312780397
2646,1555312779883,1555312780398
2645,1555312779843,1555312780426
2648,1555312779966,1555312780474
2649,1555312780007,1555312780477
2651,1555312780088,1555312780562
2650,1555312780048,1555312780597
2652,1555312780129,1555312780599
2653,1555312780172,1555312780654
2654,1555312780213,1555312780659
2655,1555312780255,1555312780723
2656,1555312780295,1555312780764
2658,1555312780378,1555312780818
2657,1555312780337,1555312780827
2659,1555312780420,1555312780889
2660,1555312780464,1555312780938
2661,1555312780506,1555312780961
2662,1555312780546,1555312780993
2663,1555312780588,1555312781042
2664,1555312780630,1555312781067
2665,1555312780671,1555312781143
2666,1555312780712,1555312781181
2667,1555312780753,1555312781226
2668,1555312780795,1555312781234
2669,1555312780836,1555312781288
2670,1555312780877,1555312781329
2671,1555312780918,1555312781382
2672,1555312780959,1555312781408
2673,1555312781007,1555312781480
2674,1555312781049,1555312781508
2675,1555312781090,1555312781533
2676,1555312781131,1555312781611
2677,1555312781173,1555312781623
2678,1555312781215,1555312781683
2679,1555312781255,1555312781693
2680,1555312781296,1555312781750
2681,1555312781337,1555312781816
2683,1555312781419,1555312781858
2682,1555312781378,1555312781861
2684,1555312781461,1555312781930
2685,1555312781503,1555312781967
2686,1555312781551,1555312782022
2687,1555312781593,1555312782063
2688,1555312781636,1555312782122
2689,1555312781677,1555312782222
2690,1555312781717,1555312782239
2691,1555312781757,1555312782247
2692,1555312781799,1555312782332
2693,1555312781840,1555312782348
2694,1555312781882,1555312782373
2696,1555312781965,1555312782468
2695,1555312781923,1555312782469
2697,1555312782006,1555312782538
2698,1555312782046,1555312782559
2699,1555312782088,1555312782558
2700,1555312782129,1555312782596
2701,1555312782170,1555312782647
2702,1555312782210,1555312782700
2703,1555312782250,1555312782748
2704,1555312782295,1555312782781
2705,1555312782337,1555312782797
2706,1555312782379,1555312782824
2707,1555312782421,1555312782892
2708,1555312782463,1555312782941
2709,1555312782503,1555312783008
2710,1555312782544,1555312783031
2711,1555312782584,1555312783035
2712,1555312782624,1555312783072
2713,1555312782665,1555312783126
2714,1555312782708,1555312783186
2715,1555312782750,1555312783198
2716,1555312782791,1555312783267
2717,1555312782830,1555312783299
2718,1555312782871,1555312783340
2719,1555312782914,1555312783361
2720,1555312782956,1555312783423
2721,1555312783001,1555312783454
2722,1555312783044,1555312783555
2723,1555312783085,1555312783575
2724,1555312783125,1555312783580
2725,1555312783166,1555312783666
2727,1555312783247,1555312783693
2726,1555312783206,1555312783694
2729,1555312783328,1555312783817
2728,1555312783287,1555312783820
2730,1555312783368,1555312783840
2731,1555312783409,1555312783893
2732,1555312783449,1555312783927
2733,1555312783491,1555312783954
2734,1555312783539,1555312784020
2735,1555312783586,1555312784022
2736,1555312783626,1555312784077
2737,1555312783667,1555312784167
2738,1555312783708,1555312784170
2739,1555312783750,1555312784194
2740,1555312783792,1555312784274
2741,1555312783833,1555312784296
2742,1555312783876,1555312784329
2743,1555312783918,1555312784392
2744,1555312783960,1555312784403
2745,1555312784001,1555312784489
2746,1555312784045,1555312784515
2747,1555312784087,1555312784533
2748,1555312784129,1555312784603
2749,1555312784171,1555312784628
2750,1555312784214,1555312784678
2751,1555312784255,1555312784729
2752,1555312784297,1555312784756
2753,1555312784338,1555312784819
2754,1555312784381,1555312784854
2755,1555312784423,1555312784863
2756,1555312784464,1555312784904
2757,1555312784506,1555312784960
2758,1555312784547,1555312785040
2759,1555312784588,1555312785047
2760,1555312784627,1555312785096
2761,1555312784668,1555312785123
2762,1555312784709,1555312785153
2763,1555312784751,1555312785262
2764,1555312784793,1555312785268
2765,1555312784834,1555312785278
2766,1555312784875,1555312785365
2767,1555312784916,1555312785370
2768,1555312784955,1555312785420
2769,1555312784995,1555312785499
2770,1555312785036,1555312785514
2771,1555312785078,1555312785606
2772,1555312785120,1555312785626
2773,1555312785162,1555312785627
2774,1555312785203,1555312785665
2775,1555312785244,1555312785697
2776,1555312785285,1555312785726
2778,1555312785366,1555312785863
2777,1555312785326,1555312785874
2779,1555312785409,1555312785881
2780,1555312785451,1555312785979
2781,1555312785493,1555312785987
2782,1555312785535,1555312786017
2784,1555312785620,1555312786100
2783,1555312785577,1555312786118
2785,1555312785662,1555312786135
2787,1555312785745,1555312786219
2786,1555312785704,1555312786222
2788,1555312785785,1555312786243
2789,1555312785838,1555312786291
2790,1555312785879,1555312786343
2791,1555312785921,1555312786412
2792,1555312785962,1555312786421
2793,1555312786003,1555312786496
2794,1555312786044,1555312786537
2795,1555312786086,1555312786543
2796,1555312786128,1555312786641
2798,1555312786211,1555312786668
2797,1555312786170,1555312786673
2799,1555312786251,1555312786771
2801,1555312786333,1555312786775
2800,1555312786292,1555312786806
2802,1555312786374,1555312786850
2803,1555312786415,1555312786877
2804,1555312786457,1555312786929
2805,1555312786498,1555312786950
2806,1555312786540,1555312787026
2807,1555312786582,1555312787050
2808,1555312786623,1555312787106
2809,1555312786665,1555312787140
2811,1555312786746,1555312787197
2810,1555312786706,1555312787213
2812,1555312786786,1555312787244
2813,1555312786828,1555312787284
2814,1555312786870,1555312787356
2815,1555312786910,1555312787392
2816,1555312786952,1555312787439
2817,1555312786993,1555312787483
2818,1555312787036,1555312787481
2819,1555312787078,1555312787576
2820,1555312787119,1555312787589
2821,1555312787163,1555312787665
2822,1555312787204,1555312787674
2823,1555312787245,1555312787752
2824,1555312787286,1555312787765
2825,1555312787328,1555312787800
2826,1555312787372,1555312787851
2827,1555312787414,1555312787891
2828,1555312787456,1555312787893
2829,1555312787497,1555312787962
2830,1555312787538,1555312787987
2831,1555312787578,1555312788051
2832,1555312787621,1555312788057
2833,1555312787663,1555312788114
2834,1555312787704,1555312788172
2835,1555312787745,1555312788181
2836,1555312787787,1555312788260
2837,1555312787829,1555312788301
2838,1555312787878,1555312788350
2839,1555312787918,1555312788395
2840,1555312787959,1555312788398
2841,1555312788001,1555312788439
2842,1555312788043,1555312788486
2843,1555312788084,1555312788532
2844,1555312788124,1555312788577
2845,1555312788166,1555312788674
2846,1555312788208,1555312788675
2847,1555312788249,1555312788690
2848,1555312788290,1555312788785
2849,1555312788332,1555312788807
2850,1555312788373,1555312788852
2852,1555312788454,1555312788911
2851,1555312788414,1555312788912
2853,1555312788497,1555312788964
2854,1555312788539,1555312789033
2855,1555312788581,1555312789055
2856,1555312788624,1555312789062
2857,1555312788664,1555312789116
2858,1555312788704,1555312789157
2859,1555312788745,1555312789214
2860,1555312788786,1555312789226
2861,1555312788828,1555312789283
2862,1555312788869,1555312789332
2863,1555312788909,1555312789356
2864,1555312788950,1555312789437
2865,1555312788992,1555312789439
2866,1555312789034,1555312789505
2868,1555312789117,1555312789580
2867,1555312789076,1555312789592
2869,1555312789159,1555312789615
2870,1555312789201,1555312789693
2871,1555312789242,1555312789713
2872,1555312789284,1555312789770
2873,1555312789326,1555312789842
2874,1555312789367,1555312789849
2875,1555312789409,1555312789878
2876,1555312789451,1555312789961
2877,1555312789492,1555312789968
2878,1555312789535,1555312789998
2879,1555312789577,1555312790035
2880,1555312789619,1555312790085
2881,1555312789660,1555312790141
2882,1555312789702,1555312790166
2884,1555312789784,1555312790233
2883,1555312789743,1555312790240
2885,1555312789826,1555312790290
2886,1555312789872,1555312790320
2887,1555312789916,1555312790369
2888,1555312789956,1555312790400
2889,1555312789997,1555312790443
2890,1555312790037,1555312790501
2891,1555312790078,1555312790552
2892,1555312790119,1555312790586
2893,1555312790160,1555312790652
2894,1555312790202,1555312790662
2895,1555312790243,1555312790689
2896,1555312790283,1555312790763
2897,1555312790325,1555312790792
2898,1555312790367,1555312790804
2899,1555312790409,1555312790883
2900,1555312790450,1555312790928
2901,1555312790492,1555312790930
2902,1555312790534,1555312790999
2903,1555312790577,1555312791010
2904,1555312790618,1555312791108
2905,1555312790659,1555312791121
2906,1555312790701,1555312791173
2907,1555312790742,1555312791194
2908,1555312790783,1555312791255
2909,1555312790825,1555312791268
2910,1555312790866,1555312791324
2911,1555312790908,1555312791355
2912,1555312790950,1555312791404
2913,1555312790992,1555312791434
2914,1555312791034,1555312791474
2915,1555312791074,1555312791526
2916,1555312791114,1555312791559
2917,1555312791154,1555312791609
2918,1555312791195,1555312791639
2920,1555312791278,1555312791760
2919,1555312791236,1555312791776
2921,1555312791319,1555312791782
2922,1555312791361,1555312791805
2923,1555312791402,1555312791843
2924,1555312791443,1555312791910
2925,1555312791483,1555312791922
2926,1555312791524,1555312792003
2927,1555312791564,1555312792045
2928,1555312791605,1555312792094
2929,1555312791647,1555312792121
2930,1555312791687,1555312792145
2931,1555312791728,1555312792218
2932,1555312791768,1555312792236
2933,1555312791811,1555312792463
2934,1555312791852,1555312792470
2937,1555312791977,1555312792493
2935,1555312791894,1555312792494
2938,1555312792017,1555312792509
2936,1555312791935,1555312792513
2939,1555312792059,1555312792519
2940,1555312792102,1555312792578
2941,1555312792143,1555312792613
2942,1555312792184,1555312792633
2943,1555312792225,1555312792701
2944,1555312792271,1555312792722
2945,1555312792313,1555312792757
2946,1555312792355,1555312792823
2947,1555312792398,1555312792874
2948,1555312792440,1555312792878
2949,1555312792481,1555312792920
2950,1555312792522,1555312792993
2951,1555312792561,1555312793008
2952,1555312792602,1555312793074
2953,1555312792643,1555312793107
2954,1555312792683,1555312793165
2955,1555312792724,1555312793171
2956,1555312792764,1555312793218
2957,1555312792805,1555312793261
2958,1555312792847,1555312793293
2959,1555312792889,1555312793328
2960,1555312792929,1555312793410
2961,1555312792970,1555312793417
2962,1555312793012,1555312793453
2963,1555312793052,1555312793523
2964,1555312793093,1555312793574
2965,1555312793133,1555312793592
2966,1555312793174,1555312793611
2967,1555312793215,1555312793695
2969,1555312793295,1555312793744
2968,1555312793255,1555312793761
2970,1555312793336,1555312793809
2971,1555312793376,1555312793855
2972,1555312793417,1555312793876
2974,1555312793499,1555312793947
2973,1555312793458,1555312793947
2975,1555312793540,1555312794002
2976,1555312793580,1555312794040
2978,1555312793661,1555312794096
2977,1555312793620,1555312794098
2979,1555312793702,1555312794148
2980,1555312793743,1555312794287
2981,1555312793783,1555312794304
2982,1555312793824,1555312794304
2984,1555312793904,1555312794427
2985,1555312793945,1555312794434
2983,1555312793864,1555312794446
2986,1555312793986,1555312794512
2987,1555312794026,1555312794517
2988,1555312794067,1555312794526
2991,1555312794192,1555312794652
2989,1555312794109,1555312794656
2990,1555312794150,1555312794665
2992,1555312794287,1555312794735
2993,1555312794327,1555312794766
2994,1555312794369,1555312794849
2995,1555312794410,1555312794852
2996,1555312794451,1555312794918
2997,1555312794493,1555312794963
2998,1555312794534,1555312794974
2999,1555312794576,1555312795055
3000,1555312794618,1555312795076
3001,1555312794661,1555312795131
3002,1555312794703,1555312795159
3003,1555312794744,1555312795213
3004,1555312794785,1555312795241
3005,1555312794826,1555312795270
3006,1555312794867,1555312795314
3007,1555312794907,1555312795345
3008,1555312794949,1555312795388
3009,1555312794991,1555312795454
3010,1555312795032,1555312795464
3011,1555312795073,1555312795536
3012,1555312795115,1555312795570
3013,1555312795156,1555312795611
3014,1555312795197,1555312795630
3015,1555312795237,1555312795705
3016,1555312795277,1555312795721
3017,1555312795318,1555312795758
3018,1555312795359,1555312795824
3019,1555312795401,1555312795872
3020,1555312795441,1555312795912
3021,1555312795483,1555312795947
3022,1555312795524,1555312795983
3023,1555312795565,1555312796021
3024,1555312795606,1555312796048
3025,1555312795647,1555312796100
3026,1555312795688,1555312796149
3027,1555312795729,1555312796203
3028,1555312795770,1555312796229
3029,1555312795811,1555312796264
3030,1555312795852,1555312796355
3031,1555312795893,1555312796377
3032,1555312795934,1555312796379
3033,1555312795976,1555312796430
3034,1555312796017,1555312796477
3035,1555312796058,1555312796560
3036,1555312796102,1555312796567
3037,1555312796145,1555312796614
3038,1555312796185,1555312796678
3039,1555312796226,1555312796731
3041,1555312796308,1555312796791
3040,1555312796267,1555312796799
3042,1555312796351,1555312796813
3043,1555312796392,1555312796888
3044,1555312796433,1555312796906
3045,1555312796474,1555312796945
3046,1555312796515,1555312796971
3047,1555312796556,1555312797034
3048,1555312796598,1555312797057
3049,1555312796638,1555312797101
3050,1555312796680,1555312797123
3051,1555312796722,1555312797158
3052,1555312796763,1555312797220
3053,1555312796804,1555312797248
3054,1555312796846,1555312797298
3055,1555312796888,1555312797339
3056,1555312796929,1555312797398
3057,1555312796972,1555312797457
3059,1555312797054,1555312797522
3058,1555312797013,1555312797523
3060,1555312797095,1555312797548
3062,1555312797178,1555312797623
3061,1555312797137,1555312797630
3063,1555312797219,1555312797705
3064,1555312797259,1555312797762
3065,1555312797301,1555312797770
3066,1555312797343,1555312797822
3067,1555312797385,1555312797856
3069,1555312797467,1555312797939
3068,1555312797426,1555312797946
3070,1555312797508,1555312797951
3071,1555312797550,1555312798031
3072,1555312797592,1555312798077
3073,1555312797633,1555312798110
3074,1555312797675,1555312798129
3075,1555312797716,1555312798183
3076,1555312797757,1555312798219
3077,1555312797799,1555312798252
3078,1555312797840,1555312798283
3079,1555312797882,1555312798327
3080,1555312797924,1555312798380
3081,1555312797965,1555312798407
3082,1555312798006,1555312798485
3083,1555312798047,1555312798522
3084,1555312798088,1555312798528
3085,1555312798130,1555312798575
3086,1555312798172,1555312798626
3087,1555312798214,1555312798704
3088,1555312798255,1555312798704
3089,1555312798298,1555312798742
3090,1555312798339,1555312798812
3091,1555312798381,1555312798834
3092,1555312798423,1555312798890
3093,1555312798465,1555312798911
3094,1555312798507,1555312798954
3095,1555312798548,1555312799025
3096,1555312798591,1555312799031
3097,1555312798633,1555312799108
3098,1555312798674,1555312799120
3099,1555312798715,1555312799171
3101,1555312798796,1555312799240
3100,1555312798756,1555312799244
3102,1555312798838,1555312799300
3103,1555312798879,1555312799336
3104,1555312798920,1555312799387
3105,1555312798961,1555312799414
3106,1555312799005,1555312799447
3107,1555312799047,1555312799505
3108,1555312799088,1555312799601
3109,1555312799129,1555312799619
3110,1555312799172,1555312799637
3111,1555312799213,1555312799658
3112,1555312799254,1555312799694
3113,1555312799295,1555312799765
3114,1555312799338,1555312799791
3115,1555312799383,1555312799851
3116,1555312799424,1555312799868
3117,1555312799466,1555312799924
3118,1555312799508,1555312799988
3119,1555312799550,1555312800000
3120,1555312799591,1555312800069
3121,1555312799634,1555312800089
3122,1555312799676,1555312800126
3123,1555312799716,1555312800175
3124,1555312799757,1555312800238
3125,1555312799798,1555312800266
3126,1555312799841,1555312800301
3127,1555312799883,1555312800343
3128,1555312799924,1555312800387
3129,1555312799965,1555312800423
3130,1555312800006,1555312800474
3131,1555312800048,1555312800513
3132,1555312800090,1555312800545
3133,1555312800132,1555312800587
3134,1555312800174,1555312800610
3135,1555312800215,1555312800663
3136,1555312800255,1555312800708
3137,1555312800295,1555312800756
3138,1555312800336,1555312800796
3139,1555312800377,1555312800836
3140,1555312800419,1555312800872
3141,1555312800461,1555312800947
3142,1555312800501,1555312800987
3143,1555312800542,1555312801023
3144,1555312800583,1555312801046
3145,1555312800624,1555312801088
3146,1555312800665,1555312801110
3147,1555312800709,1555312801148
3148,1555312800750,1555312801184
3149,1555312800790,1555312801237
3150,1555312800831,1555312801281
3151,1555312800874,1555312801334
3152,1555312800935,1555312801375
3154,1555312801022,1555312801458
3153,1555312800977,1555312801463
3155,1555312801063,1555312801539
3156,1555312801103,1555312801568
3157,1555312801144,1555312801594
3158,1555312801184,1555312801655
3159,1555312801227,1555312801696
3160,1555312801268,1555312801738
3161,1555312801311,1555312801761
3162,1555312801355,1555312801813
3163,1555312801398,1555312801843
3164,1555312801440,1555312801897
3165,1555312801481,1555312801958
3166,1555312801522,1555312801987
3167,1555312801564,1555312802024
3168,1555312801606,1555312802065
3169,1555312801649,1555312802118
3170,1555312801692,1555312802145
3171,1555312801735,1555312802200
3172,1555312801776,1555312802270
3173,1555312801817,1555312802280
3174,1555312801858,1555312802302
3175,1555312801900,1555312802342
3176,1555312801941,1555312802383
3177,1555312801983,1555312802466
3178,1555312802025,1555312802471
3179,1555312802066,1555312802522
3181,1555312802148,1555312802619
3182,1555312802188,1555312802649
3183,1555312802228,1555312802681
3184,1555312802271,1555312802712
3185,1555312802312,1555312802748
3186,1555312802354,1555312802821
3187,1555312802397,1555312802848
3188,1555312802438,1555312802890
3189,1555312802480,1555312802948
3190,1555312802523,1555312802966
3191,1555312802564,1555312803032
3192,1555312802606,1555312803067
3193,1555312802650,1555312803101
3194,1555312802691,1555312803138
3195,1555312802732,1555312803182
3196,1555312802772,1555312803258
3197,1555312802813,1555312803258
3198,1555312802855,1555312803313
3199,1555312802896,1555312803342
3200,1555312802939,1555312803401
3201,1555312802980,1555312803432
3203,1555312803062,1555312803501
3202,1555312803021,1555312803511
3204,1555312803102,1555312803544
3180,1555312802107,1555312803578
3205,1555312803143,1555312803592
3206,1555312803183,1555312803626
3207,1555312803223,1555312803678
3208,1555312803264,1555312803708
3209,1555312803304,1555312803757
3210,1555312803344,1555312803806
3211,1555312803385,1555312803829
3212,1555312803426,1555312803884
3213,1555312803467,1555312803927
3214,1555312803508,1555312803966
3215,1555312803548,1555312803987
3216,1555312803589,1555312804036
3217,1555312803630,1555312804064
3218,1555312803671,1555312804136
3219,1555312803710,1555312804156
3220,1555312803750,1555312804199
3221,1555312803791,1555312804255
3222,1555312803831,1555312804275
3223,1555312803872,1555312804319
3224,1555312803912,1555312804364
3225,1555312803953,1555312804390
3226,1555312803993,1555312804445
3227,1555312804034,1555312804502
3228,1555312804074,1555312804539
3229,1555312804114,1555312804581
3230,1555312804155,1555312804600
3231,1555312804195,1555312804660
3232,1555312804235,1555312804683
3233,1555312804275,1555312804754
3234,1555312804316,1555312804781
3235,1555312804357,1555312804822
3236,1555312804397,1555312804849
3237,1555312804438,1555312804896
3238,1555312804479,1555312804915
3239,1555312804520,1555312804964
3240,1555312804561,1555312804992
3241,1555312804601,1555312805032
3242,1555312804642,1555312805107
3243,1555312804682,1555312805118
3244,1555312804722,1555312805164
3245,1555312804762,1555312805213
3246,1555312804802,1555312805275
3247,1555312804844,1555312805303
3248,1555312804884,1555312805326
3249,1555312804925,1555312805370
3250,1555312804966,1555312805428
3251,1555312805007,1555312805482
3252,1555312805047,1555312805504
3253,1555312805087,1555312805554
3254,1555312805127,1555312805583
3255,1555312805167,1555312805630
3256,1555312805208,1555312805668
3257,1555312805249,1555312805697
3258,1555312805289,1555312805756
3259,1555312805329,1555312805783
3260,1555312805369,1555312805838
3261,1555312805410,1555312805846
3262,1555312805451,1555312805918
3263,1555312805491,1555312805941
3264,1555312805531,1555312805981
3265,1555312805571,1555312806036
3266,1555312805611,1555312806056
3267,1555312805652,1555312806112
3268,1555312805692,1555312806130
3269,1555312805732,1555312806181
3270,1555312805773,1555312806212
3271,1555312805814,1555312806254
3272,1555312805855,1555312806317
3273,1555312805896,1555312806354
3274,1555312805937,1555312806411
3275,1555312805978,1555312806447
3276,1555312806018,1555312806468
3277,1555312806059,1555312806533
3278,1555312806100,1555312806556
3279,1555312806141,1555312806622
3280,1555312806181,1555312806629
3281,1555312806221,1555312806664
3282,1555312806263,1555312806708
3283,1555312806303,1555312806754
3284,1555312806343,1555312806803
3285,1555312806384,1555312806833
3286,1555312806425,1555312806869
3287,1555312806466,1555312806903
3288,1555312806506,1555312806960
3289,1555312806546,1555312806997
3290,1555312806587,1555312807049
3291,1555312806628,1555312807085
3292,1555312806669,1555312807114
3293,1555312806709,1555312807183
3294,1555312806749,1555312807215
3295,1555312806789,1555312807249
3297,1555312806870,1555312807470
3296,1555312806830,1555312807472
3300,1555312806992,1555312807548
3299,1555312806951,1555312807548
3301,1555312807033,1555312807552
3298,1555312806910,1555312807556
3303,1555312807114,1555312807564
3302,1555312807074,1555312807573
3304,1555312807155,1555312807582
3305,1555312807196,1555312807638
3306,1555312807236,1555312807702
3307,1555312807278,1555312807738
3308,1555312807319,1555312807761
3309,1555312807360,1555312807808
3310,1555312807401,1555312807847
3311,1555312807440,1555312807898
3312,1555312807481,1555312807920
3313,1555312807522,1555312808006
3314,1555312807563,1555312808034
3315,1555312807604,1555312808045
3316,1555312807645,1555312808122
3317,1555312807685,1555312808159
3318,1555312807727,1555312808176
3319,1555312807767,1555312808228
3320,1555312807809,1555312808249
3321,1555312807849,1555312808296
3322,1555312807890,1555312808367
3323,1555312807931,1555312808399
3324,1555312807972,1555312808419
3325,1555312808014,1555312808472
3326,1555312808055,1555312808512
3327,1555312808096,1555312808563
3328,1555312808139,1555312808575
3329,1555312808180,1555312808638
3330,1555312808219,1555312808680
3331,1555312808259,1555312808753
3332,1555312808300,1555312808780
3333,1555312808339,1555312808800
3335,1555312808419,1555312808868
3334,1555312808379,1555312808898
3336,1555312808460,1555312808902
3337,1555312808500,1555312808959
3338,1555312808540,1555312809011
3339,1555312808581,1555312809076
3340,1555312808622,1555312809087
3341,1555312808663,1555312809227
3342,1555312808704,1555312809227
3343,1555312808745,1555312809227
3345,1555312808826,1555312809335
3344,1555312808786,1555312809339
3346,1555312808867,1555312809349
3348,1555312808947,1555312809450
3349,1555312808988,1555312809451
3347,1555312808907,1555312809459
3350,1555312809029,1555312809560
3351,1555312809070,1555312809577
3352,1555312809111,1555312809606
3353,1555312809216,1555312809693
3354,1555312809257,1555312809715
3355,1555312809298,1555312809763
3356,1555312809338,1555312809818
3357,1555312809379,1555312809839
3358,1555312809419,1555312809872
3359,1555312809460,1555312809908
3360,1555312809501,1555312809938
3361,1555312809543,1555312810004
3362,1555312809584,1555312810052
3363,1555312809628,1555312810083
3364,1555312809670,1555312810123
3365,1555312809712,1555312810207
3366,1555312809753,1555312810218
3367,1555312809795,1555312810236
3368,1555312809840,1555312810292
3369,1555312809881,1555312810326
3370,1555312809922,1555312810393
3371,1555312809963,1555312810418
3372,1555312810005,1555312810450
3373,1555312810046,1555312810482
3374,1555312810088,1555312810528
3375,1555312810130,1555312810611
3376,1555312810173,1555312810625
3377,1555312810214,1555312810690
3378,1555312810255,1555312810706
3380,1555312810335,1555312810768
3379,1555312810295,1555312810769
3381,1555312810377,1555312810837
3382,1555312810419,1555312810890
3383,1555312810463,1555312810926
3384,1555312810505,1555312810962
3385,1555312810548,1555312811021
3386,1555312810590,1555312811041
3387,1555312810631,1555312811085
3388,1555312810673,1555312811132
3389,1555312810712,1555312811167
3390,1555312810752,1555312811212
3391,1555312810793,1555312811237
3392,1555312810833,1555312811280
3393,1555312810875,1555312811324
3394,1555312810917,1555312811386
3395,1555312810959,1555312811424
3396,1555312811001,1555312811462
3397,1555312811042,1555312811489
3398,1555312811086,1555312811531
3399,1555312811127,1555312811603
3400,1555312811169,1555312811612
3401,1555312811211,1555312811688
3402,1555312811251,1555312811713
3403,1555312811305,1555312811746
3404,1555312811344,1555312811786
3405,1555312811385,1555312811833
3406,1555312811426,1555312811894
3407,1555312811467,1555312811930
3408,1555312811507,1555312811959
3409,1555312811548,1555312812021
3410,1555312811589,1555312812047
3411,1555312811632,1555312812080
3412,1555312811673,1555312812161
3413,1555312811714,1555312812193
3414,1555312811756,1555312812215
3415,1555312811797,1555312812248
3416,1555312811838,1555312812305
3417,1555312811880,1555312812327
3419,1555312811966,1555312812410
3418,1555312811924,1555312812412
3420,1555312812008,1555312812441
3421,1555312812048,1555312812498
3422,1555312812090,1555312812534
3423,1555312812131,1555312812571
3424,1555312812172,1555312812623
3425,1555312812213,1555312812680
3426,1555312812254,1555312812688
3427,1555312812295,1555312812756
3428,1555312812336,1555312812787
3429,1555312812377,1555312812850
3430,1555312812420,1555312812869
3431,1555312812462,1555312812909
3432,1555312812503,1555312812954
3433,1555312812545,1555312813028
3434,1555312812585,1555312813050
3435,1555312812626,1555312813076
3436,1555312812668,1555312813113
3437,1555312812709,1555312813163
3438,1555312812749,1555312813210
3439,1555312812790,1555312813280
3440,1555312812835,1555312813315
3441,1555312812876,1555312813331
3442,1555312812917,1555312813396
3443,1555312812958,1555312813397
3444,1555312812998,1555312813466
3445,1555312813040,1555312813492
3446,1555312813080,1555312813538
3447,1555312813121,1555312813570
3448,1555312813164,1555312813633
3449,1555312813205,1555312813672
3450,1555312813246,1555312813690
3451,1555312813287,1555312813784
3452,1555312813328,1555312813805
3453,1555312813369,1555312813821
3454,1555312813410,1555312813859
3455,1555312813449,1555312813895
3456,1555312813490,1555312813971
3457,1555312813531,1555312813991
3458,1555312813572,1555312814023
3459,1555312813613,1555312814069
3460,1555312813653,1555312814116
3461,1555312813694,1555312814124
3462,1555312813735,1555312814202
3463,1555312813775,1555312814232
3464,1555312813816,1555312814277
3465,1555312813859,1555312814321
3466,1555312813902,1555312814346
3467,1555312813943,1555312814393
3468,1555312813987,1555312814436
3469,1555312814029,1555312814475
3470,1555312814070,1555312814518
3471,1555312814112,1555312814555
3472,1555312814153,1555312814597
3473,1555312814194,1555312814662
3474,1555312814236,1555312814670
3475,1555312814277,1555312814708
3476,1555312814318,1555312814774
3477,1555312814360,1555312814817
3478,1555312814401,1555312814843
3479,1555312814442,1555312814907
3480,1555312814483,1555312814939
3481,1555312814525,1555312814987
3482,1555312814567,1555312815038
3483,1555312814608,1555312815053
3484,1555312814648,1555312815121
3485,1555312814690,1555312815137
3486,1555312814731,1555312815171
3487,1555312814771,1555312815230
3488,1555312814812,1555312815271
3489,1555312814853,1555312815310
3490,1555312814894,1555312815351
3491,1555312814935,1555312815376
3492,1555312814978,1555312815421
3493,1555312815019,1555312815469
3494,1555312815059,1555312815514
3495,1555312815102,1555312815568
3496,1555312815144,1555312815616
3497,1555312815187,1555312815642
3498,1555312815229,1555312815670
3499,1555312815270,1555312815712
3500,1555312815310,1555312815755
3501,1555312815350,1555312815804
3502,1555312815391,1555312815855
3503,1555312815432,1555312815873
3504,1555312815473,1555312815920
3505,1555312815515,1555312815969
3506,1555312815556,1555312816067
3507,1555312815596,1555312816077
3508,1555312815637,1555312816098
3509,1555312815678,1555312816126
3510,1555312815719,1555312816151
3511,1555312815762,1555312816208
3512,1555312815805,1555312816243
3513,1555312815848,1555312816308
3514,1555312815890,1555312816339
3515,1555312815932,1555312816392
3516,1555312815973,1555312816432
3517,1555312816013,1555312816495
3518,1555312816054,1555312816526
3519,1555312816095,1555312816535
3520,1555312816136,1555312816591
3521,1555312816178,1555312816635
3522,1555312816219,1555312816696
3523,1555312816261,1555312816713
3524,1555312816301,1555312816756
3525,1555312816341,1555312816796
3526,1555312816384,1555312816842
3527,1555312816427,1555312816874
3528,1555312816469,1555312816928
3529,1555312816510,1555312816953
3530,1555312816550,1555312816987
3531,1555312816591,1555312817043
3532,1555312816631,1555312817069
3533,1555312816673,1555312817115
3534,1555312816714,1555312817161
3535,1555312816757,1555312817219
3536,1555312816798,1555312817238
3537,1555312816838,1555312817299
3538,1555312816878,1555312817345
3539,1555312816920,1555312817377
3540,1555312816961,1555312817419
3541,1555312817003,1555312817471
3542,1555312817044,1555312817497
3543,1555312817086,1555312817535
3544,1555312817128,1555312817595
3545,1555312817169,1555312817606
3546,1555312817210,1555312817679
3547,1555312817251,1555312817699
3548,1555312817291,1555312817735
3549,1555312817333,1555312817782
3550,1555312817374,1555312817831
3551,1555312817414,1555312817847
3552,1555312817455,1555312817913
3553,1555312817498,1555312817959
3554,1555312817539,1555312817985
3555,1555312817580,1555312818030
3556,1555312817619,1555312818060
3557,1555312817660,1555312818119
3558,1555312817700,1555312818172
3559,1555312817742,1555312818217
3560,1555312817782,1555312818241
3561,1555312817822,1555312818275
3562,1555312817863,1555312818309
3563,1555312817904,1555312818350
3564,1555312817945,1555312818401
3565,1555312817986,1555312818432
3566,1555312818027,1555312818472
3567,1555312818068,1555312818539
3568,1555312818109,1555312818581
3569,1555312818150,1555312818611
3570,1555312818192,1555312818683
3571,1555312818234,1555312818693
3572,1555312818275,1555312818717
3573,1555312818316,1555312818790
3574,1555312818357,1555312818814
3575,1555312818397,1555312818838
3576,1555312818439,1555312818912
3577,1555312818481,1555312818925
3578,1555312818524,1555312818994
3579,1555312818566,1555312819022
3580,1555312818608,1555312819090
3581,1555312818649,1555312819125
3582,1555312818690,1555312819140
3583,1555312818730,1555312819189
3584,1555312818771,1555312819235
3585,1555312818815,1555312819284
3586,1555312818860,1555312819301
3587,1555312818902,1555312819382
3588,1555312818944,1555312819408
3589,1555312818985,1555312819444
3590,1555312819027,1555312819486
3591,1555312819072,1555312819510
3592,1555312819113,1555312819554
3593,1555312819155,1555312819616
3594,1555312819196,1555312819642
3595,1555312819237,1555312819693
3596,1555312819276,1555312819738
3597,1555312819317,1555312819764
3598,1555312819358,1555312819808
3599,1555312819398,1555312819837
3600,1555312819439,1555312819895
3601,1555312819480,1555312819931
3602,1555312819520,1555312819982
3603,1555312819560,1555312820015
3604,1555312819602,1555312820059
3605,1555312819643,1555312820096
3606,1555312819684,1555312820146
3607,1555312819725,1555312820210
3608,1555312819766,1555312820218
3609,1555312819808,1555312820272
3610,1555312819849,1555312820303
3611,1555312819890,1555312820354
3612,1555312819932,1555312820411
3613,1555312819978,1555312820429
3614,1555312820020,1555312820460
3615,1555312820060,1555312820529
3616,1555312820101,1555312820552
3617,1555312820142,1555312820594
3619,1555312820225,1555312820665
3618,1555312820183,1555312820671
3620,1555312820267,1555312820723
3621,1555312820309,1555312820752
3622,1555312820351,1555312820818
3623,1555312820392,1555312820868
3624,1555312820433,1555312820900
3625,1555312820474,1555312820923
3626,1555312820516,1555312820955
3627,1555312820557,1555312821002
3628,1555312820599,1555312821090
3629,1555312820642,1555312821118
3630,1555312820682,1555312821153
3631,1555312820724,1555312821191
3632,1555312820766,1555312821228
3633,1555312820807,1555312821288
3634,1555312820848,1555312821300
3635,1555312820889,1555312821332
3636,1555312820931,1555312821379
3637,1555312820975,1555312821445
3638,1555312821017,1555312821486
3639,1555312821060,1555312821521
3640,1555312821102,1555312821565
3641,1555312821144,1555312821588
3642,1555312821185,1555312821646
3643,1555312821226,1555312821671
3644,1555312821267,1555312821728
3645,1555312821308,1555312821788
3646,1555312821348,1555312821819
3647,1555312821390,1555312821851
3648,1555312821431,1555312821904
3649,1555312821474,1555312821932
3651,1555312821558,1555312822030
3650,1555312821516,1555312822034
3652,1555312821598,1555312822084
3653,1555312821638,1555312822141
3654,1555312821680,1555312822143
3655,1555312821722,1555312822203
3657,1555312821804,1555312822474
3662,1555312822010,1555312822476
3656,1555312821763,1555312822477
3659,1555312821886,1555312822488
3660,1555312821927,1555312822490
3661,1555312821969,1555312822504
3663,1555312822053,1555312822515
3658,1555312821845,1555312822523
3664,1555312822094,1555312822552
3665,1555312822135,1555312822590
3666,1555312822178,1555312822618
3667,1555312822220,1555312822652
3668,1555312822261,1555312822697
3669,1555312822302,1555312822787
3670,1555312822343,1555312822806
3671,1555312822384,1555312822826
3672,1555312822426,1555312822918
3673,1555312822469,1555312822924
3674,1555312822511,1555312822965
3675,1555312822553,1555312823010
3676,1555312822596,1555312823057
3677,1555312822636,1555312823084
3678,1555312822677,1555312823163
3679,1555312822717,1555312823181
3680,1555312822758,1555312823230
3681,1555312822799,1555312823272
3682,1555312822841,1555312823296
3683,1555312822883,1555312823349
3684,1555312822925,1555312823376
3685,1555312822966,1555312823432
3686,1555312823007,1555312823459
3687,1555312823049,1555312823488
3688,1555312823090,1555312823548
3689,1555312823132,1555312823590
3690,1555312823173,1555312823619
3691,1555312823215,1555312823681
3692,1555312823256,1555312823704
3693,1555312823296,1555312823757
3694,1555312823338,1555312823781
3695,1555312823380,1555312823828
3696,1555312823420,1555312823848
3697,1555312823461,1555312823926
3698,1555312823503,1555312823975
3699,1555312823544,1555312824021
3700,1555312823586,1555312824048
3701,1555312823628,1555312824107
3702,1555312823669,1555312824116
3703,1555312823710,1555312824170
3704,1555312823752,1555312824287
3705,1555312823792,1555312824291
3706,1555312823833,1555312824291
3707,1555312823874,1555312824402
3708,1555312823916,1555312824403
3709,1555312823957,1555312824496
3711,1555312824040,1555312824506
3710,1555312823998,1555312824525
3712,1555312824081,1555312824642
3714,1555312824164,1555312824647
3713,1555312824123,1555312824650
3715,1555312824287,1555312824764
3716,1555312824328,1555312824778
3717,1555312824368,1555312824824
3718,1555312824409,1555312824893
3719,1555312824450,1555312824918
3720,1555312824491,1555312824962
3721,1555312824533,1555312824969
3722,1555312824573,1555312825029
3723,1555312824615,1555312825080
3724,1555312824655,1555312825104
3725,1555312824698,1555312825150
3726,1555312824738,1555312825221
3727,1555312824778,1555312825235
3728,1555312824819,1555312825278
3729,1555312824860,1555312825345
3730,1555312824901,1555312825379
3731,1555312824942,1555312825392
3732,1555312824985,1555312825459
3733,1555312825026,1555312825469
3734,1555312825068,1555312825531
3735,1555312825109,1555312825557
3736,1555312825154,1555312825612
3737,1555312825196,1555312825635
3738,1555312825238,1555312825702
3739,1555312825280,1555312825724
3740,1555312825320,1555312825784
3742,1555312825402,1555312825854
3741,1555312825361,1555312825857
3743,1555312825444,1555312825906
3744,1555312825486,1555312825966
3745,1555312825528,1555312826024
3746,1555312825569,1555312826029
3748,1555312825650,1555312826108
3747,1555312825610,1555312826109
3749,1555312825692,1555312826166
3750,1555312825734,1555312826211
3751,1555312825774,1555312826272
3752,1555312825815,1555312826280
3753,1555312825858,1555312826328
3754,1555312825899,1555312826383
3755,1555312825941,1555312826392
3756,1555312825982,1555312826447
3757,1555312826024,1555312826500
3758,1555312826066,1555312826509
3759,1555312826110,1555312826548
3760,1555312826151,1555312826606
3761,1555312826192,1555312826658
3762,1555312826232,1555312826703
3763,1555312826272,1555312826735
3764,1555312826313,1555312826765
3765,1555312826354,1555312826823
3766,1555312826396,1555312826867
3767,1555312826438,1555312826887
3768,1555312826480,1555312826919
3769,1555312826521,1555312826990
3770,1555312826562,1555312827014
3771,1555312826603,1555312827055
3772,1555312826645,1555312827087
3774,1555312826728,1555312827162
3773,1555312826686,1555312827168
3775,1555312826768,1555312827223
3776,1555312826809,1555312827271
3777,1555312826849,1555312827317
3778,1555312826891,1555312827356
3779,1555312826932,1555312827366
3780,1555312826972,1555312827430
3781,1555312827015,1555312827493
3783,1555312827099,1555312827555
3782,1555312827059,1555312827556
3784,1555312827141,1555312827621
3785,1555312827183,1555312827648
3786,1555312827225,1555312827667
3788,1555312827305,1555312827741
3787,1555312827266,1555312827773
3789,1555312827346,1555312827803
3790,1555312827388,1555312827852
3791,1555312827431,1555312827893
3792,1555312827472,1555312827935
3793,1555312827513,1555312827961
3794,1555312827555,1555312827999
3795,1555312827596,1555312828077
3796,1555312827636,1555312828100
3797,1555312827678,1555312828129
3798,1555312827721,1555312828167
3799,1555312827761,1555312828252
3800,1555312827802,1555312828269
3801,1555312827845,1555312828294
3802,1555312827888,1555312828328
3803,1555312827930,1555312828390
3804,1555312827971,1555312828432
3805,1555312828011,1555312828485
3806,1555312828054,1555312828506
3807,1555312828096,1555312828548
3808,1555312828137,1555312828597
3809,1555312828179,1555312828625
3810,1555312828221,1555312828659
3811,1555312828262,1555312828727
3812,1555312828302,1555312828752
3813,1555312828343,1555312828827
3815,1555312828428,1555312828871
3814,1555312828386,1555312828874
3816,1555312828470,1555312828927
3817,1555312828511,1555312828958
3818,1555312828551,1555312829011
3819,1555312828593,1555312829051
3820,1555312828634,1555312829089
3821,1555312828676,1555312829116
3822,1555312828717,1555312829181
3823,1555312828758,1555312829209
3824,1555312828799,1555312829261
3825,1555312828840,1555312829300
3826,1555312828880,1555312829342
3827,1555312828923,1555312829380
3828,1555312828964,1555312829418
3829,1555312829006,1555312829483
3830,1555312829048,1555312829513
3831,1555312829090,1555312829555
3832,1555312829132,1555312829569
3833,1555312829173,1555312829605
3834,1555312829213,1555312829679
3835,1555312829254,1555312829703
3836,1555312829295,1555312829755
3837,1555312829336,1555312829791
3838,1555312829377,1555312829834
3839,1555312829419,1555312829922
3840,1555312829460,1555312829929
3841,1555312829502,1555312829996
3842,1555312829544,1555312830003
3843,1555312829586,1555312830030
3844,1555312829628,1555312830129
3845,1555312829670,1555312830131
3846,1555312829711,1555312830193
3848,1555312829795,1555312830233
3847,1555312829754,1555312830259
3849,1555312829835,1555312830305
3850,1555312829878,1555312830331
3851,1555312829919,1555312830369
3852,1555312829960,1555312830403
3853,1555312830004,1555312830464
3854,1555312830045,1555312830517
3855,1555312830085,1555312830552
3856,1555312830126,1555312830572
3857,1555312830168,1555312830615
3858,1555312830209,1555312830650
3859,1555312830251,1555312830690
3860,1555312830292,1555312830739
3861,1555312830334,1555312830790
3862,1555312830376,1555312830822
3863,1555312830418,1555312830860
3864,1555312830460,1555312830907
3865,1555312830502,1555312830966
3866,1555312830545,1555312830985
3867,1555312830587,1555312831052
3868,1555312830628,1555312831083
3869,1555312830670,1555312831124
3870,1555312830711,1555312831157
3871,1555312830752,1555312831219
3872,1555312830792,1555312831263
3873,1555312830834,1555312831294
3874,1555312830875,1555312831333
3875,1555312830916,1555312831371
3876,1555312830958,1555312831443
3877,1555312831000,1555312831466
3878,1555312831043,1555312831506
3879,1555312831083,1555312831556
3880,1555312831124,1555312831602
3881,1555312831165,1555312831653
3882,1555312831206,1555312831683
3883,1555312831248,1555312831710
3884,1555312831289,1555312831745
3885,1555312831329,1555312831791
3886,1555312831370,1555312831836
3887,1555312831410,1555312831870
3888,1555312831452,1555312831905
3889,1555312831493,1555312831970
3890,1555312831535,1555312831986
3891,1555312831576,1555312832036
3892,1555312831618,1555312832087
3893,1555312831660,1555312832115
3894,1555312831702,1555312832193
3895,1555312831744,1555312832202
3896,1555312831785,1555312832241
3897,1555312831826,1555312832279
3898,1555312831868,1555312832310
3899,1555312831909,1555312832364
3900,1555312831952,1555312832423
3901,1555312831992,1555312832448
3902,1555312832034,1555312832508
3903,1555312832074,1555312832519
3904,1555312832116,1555312832574
3905,1555312832157,1555312832607
3906,1555312832197,1555312832652
3907,1555312832239,1555312832690
3908,1555312832280,1555312832741
3909,1555312832320,1555312832788
3910,1555312832361,1555312832824
3911,1555312832403,1555312832866
3912,1555312832445,1555312832898
3913,1555312832487,1555312832931
3914,1555312832528,1555312832971
3915,1555312832572,1555312833010
3916,1555312832613,1555312833082
3917,1555312832656,1555312833098
3918,1555312832698,1555312833153
3919,1555312832739,1555312833194
3920,1555312832780,1555312833232
3921,1555312832821,1555312833274
3922,1555312832862,1555312833318
3923,1555312832904,1555312833347
3924,1555312832946,1555312833431
3925,1555312832988,1555312833453
3926,1555312833029,1555312833494
3927,1555312833070,1555312833549
3928,1555312833110,1555312833600
3929,1555312833153,1555312833614
3930,1555312833195,1555312833647
3931,1555312833236,1555312833728
3932,1555312833277,1555312833757
3933,1555312833318,1555312833774
3934,1555312833359,1555312833831
3935,1555312833401,1555312833873
3936,1555312833442,1555312833900
3937,1555312833483,1555312833964
3938,1555312833525,1555312833978
3939,1555312833566,1555312834021
3940,1555312833615,1555312834071
3941,1555312833658,1555312834105
3942,1555312833699,1555312834183
3943,1555312833740,1555312834194
3944,1555312833782,1555312834252
3945,1555312833824,1555312834282
3946,1555312833864,1555312834322
3947,1555312833906,1555312834360
3948,1555312833947,1555312834436
3949,1555312833990,1555312834444
3951,1555312834074,1555312834534
3950,1555312834032,1555312834539
3952,1555312834116,1555312834587
3953,1555312834157,1555312834661
3954,1555312834199,1555312834666
3955,1555312834241,1555312834708
3956,1555312834282,1555312834763
3957,1555312834323,1555312834782
3958,1555312834365,1555312834815
3959,1555312834406,1555312834868
3960,1555312834446,1555312834939
3961,1555312834489,1555312834943
3962,1555312834531,1555312835003
3963,1555312834573,1555312835062
3964,1555312834614,1555312835066
3965,1555312834655,1555312835091
3966,1555312834697,1555312835159
3967,1555312834739,1555312835184
3968,1555312834780,1555312835218
3969,1555312834819,1555312835280
3970,1555312834860,1555312835293
3971,1555312834902,1555312835348
3972,1555312834945,1555312835411
3973,1555312834989,1555312835448
3974,1555312835030,1555312835541
3975,1555312835071,1555312835545
3976,1555312835111,1555312835557
3977,1555312835151,1555312835709
3978,1555312835194,1555312835718
3979,1555312835236,1555312835732
3980,1555312835278,1555312835810
3981,1555312835318,1555312835814
3982,1555312835359,1555312835822
3984,1555312835444,1555312835954
3983,1555312835401,1555312835967
3985,1555312835486,1555312835972
3986,1555312835529,1555312836060
3987,1555312835570,1555312836077
3988,1555312835612,1555312836082
3989,1555312835654,1555312836091
3990,1555312835697,1555312836141
3991,1555312835739,1555312836182
3992,1555312835781,1555312836234
3993,1555312835823,1555312836311
3994,1555312835864,1555312836312
3995,1555312835906,1555312836343
3996,1555312835946,1555312836402
3997,1555312835987,1555312836453
3998,1555312836028,1555312836475
3999,1555312836070,1555312836527
4000,1555312836112,1555312836563
4001,1555312836152,1555312836589
4003,1555312836235,1555312836683
4002,1555312836193,1555312836686
4004,1555312836278,1555312836735
4005,1555312836318,1555312836761
4006,1555312836359,1555312836840
4007,1555312836403,1555312836859
4008,1555312836445,1555312836898
4009,1555312836486,1555312836949
4010,1555312836529,1555312836962
4011,1555312836571,1555312837034
4012,1555312836614,1555312837078
4013,1555312836656,1555312837121
4014,1555312836698,1555312837158
4015,1555312836740,1555312837203
4016,1555312836783,1555312837258
4020,1555312836946,1555312837459
4018,1555312836863,1555312837461
4017,1555312836823,1555312837463
4019,1555312836904,1555312837480
4021,1555312836988,1555312837484
4022,1555312837030,1555312837498
4023,1555312837072,1555312837519
4024,1555312837114,1555312837580
4025,1555312837155,1555312837603
4026,1555312837196,1555312837669
4027,1555312837238,1555312837683
4028,1555312837279,1555312837742
4029,1555312837319,1555312837764
4030,1555312837360,1555312837840
4031,1555312837402,1555312837842
4032,1555312837444,1555312837910
4033,1555312837485,1555312837984
4034,1555312837527,1555312837985
4035,1555312837568,1555312838033
4037,1555312837649,1555312838110
4036,1555312837608,1555312838111
4038,1555312837690,1555312838132
4039,1555312837731,1555312838172
4040,1555312837773,1555312838238
4041,1555312837814,1555312838300
4042,1555312837855,1555312838331
4043,1555312837897,1555312838376
4044,1555312837939,1555312838398
4045,1555312837981,1555312838448
4046,1555312838023,1555312838486
4047,1555312838064,1555312838537
4048,1555312838105,1555312838566
4049,1555312838147,1555312838609
4050,1555312838188,1555312838646
4051,1555312838230,1555312838673
4052,1555312838273,1555312838734
4053,1555312838312,1555312838791
4054,1555312838353,1555312838810
4056,1555312838435,1555312838891
4057,1555312838477,1555312838927
4058,1555312838518,1555312838974
4059,1555312838559,1555312839010
4060,1555312838599,1555312839072
4062,1555312838682,1555312839122
4055,1555312838395,1555312839268
4063,1555312838723,1555312839268
4064,1555312838764,1555312839269
4065,1555312838805,1555312839278
4067,1555312838887,1555312839375
4066,1555312838846,1555312839380
4061,1555312838640,1555312839436
4068,1555312838930,1555312839481
4070,1555312839012,1555312839491
4071,1555312839055,1555312839616
4073,1555312839138,1555312839625
4072,1555312839096,1555312839636
4075,1555312839289,1555312839746
4074,1555312839248,1555312839755
4076,1555312839331,1555312839784
4077,1555312839372,1555312839831
4078,1555312839413,1555312839884
4079,1555312839454,1555312839920
4080,1555312839495,1555312839980
4081,1555312839536,1555312839988
4082,1555312839578,1555312840029
4083,1555312839621,1555312840088
4084,1555312839663,1555312840130
4085,1555312839704,1555312840164
4086,1555312839747,1555312840203
4087,1555312839787,1555312840243
4088,1555312839828,1555312840282
4089,1555312839869,1555312840340
4090,1555312839909,1555312840355
4069,1555312838972,1555312840422
4091,1555312839951,1555312840431
4092,1555312839992,1555312840462
4093,1555312840034,1555312840485
4094,1555312840076,1555312840545
4095,1555312840118,1555312840575
4096,1555312840162,1555312840635
4097,1555312840203,1555312840680
4098,1555312840244,1555312840692
4099,1555312840286,1555312840748
4100,1555312840327,1555312840786
4102,1555312840408,1555312840870
4101,1555312840367,1555312840874
4103,1555312840451,1555312840934
4104,1555312840500,1555312840978
4105,1555312840542,1555312841017
4106,1555312840584,1555312841032
4107,1555312840626,1555312841086
4108,1555312840668,1555312841137
4109,1555312840710,1555312841149
4110,1555312840752,1555312841245
4111,1555312840793,1555312841269
4112,1555312840832,1555312841288
4113,1555312840875,1555312841327
4114,1555312840917,1555312841368
4115,1555312840960,1555312841412
4116,1555312841007,1555312841473
4117,1555312841048,1555312841497
4118,1555312841088,1555312841546
4119,1555312841129,1555312841584
4120,1555312841171,1555312841615
4121,1555312841212,1555312841667
4122,1555312841255,1555312841716
4123,1555312841297,1555312841744
4124,1555312841338,1555312841813
4125,1555312841378,1555312841829
4126,1555312841418,1555312841880
4127,1555312841458,1555312841911
4128,1555312841500,1555312841963
4129,1555312841543,1555312841999
4130,1555312841585,1555312842036
4131,1555312841626,1555312842099
4132,1555312841668,1555312842124
4133,1555312841711,1555312842186
4134,1555312841751,1555312842224
4135,1555312841793,1555312842233
4136,1555312841834,1555312842299
4137,1555312841876,1555312842337
4138,1555312841918,1555312842352
4139,1555312841960,1555312842427
4140,1555312842001,1555312842480
4141,1555312842044,1555312842517
4142,1555312842085,1555312842555
4143,1555312842124,1555312842598
4144,1555312842168,1555312842630
4145,1555312842211,1555312842645
4146,1555312842253,1555312842690
4147,1555312842295,1555312842752
4148,1555312842338,1555312842813
4149,1555312842379,1555312842845
4150,1555312842421,1555312842889
4151,1555312842463,1555312842909
4152,1555312842504,1555312842968
4153,1555312842546,1555312842986
4154,1555312842586,1555312843058
4155,1555312842628,1555312843083
4156,1555312842669,1555312843132
4157,1555312842709,1555312843147
4158,1555312842752,1555312843202
4159,1555312842792,1555312843245
4160,1555312842833,1555312843299
4161,1555312842874,1555312843319
4162,1555312842915,1555312843363
4163,1555312842956,1555312843439
4164,1555312842997,1555312843459
4165,1555312843038,1555312843476
4166,1555312843079,1555312843528
4167,1555312843121,1555312843582
4168,1555312843162,1555312843622
4169,1555312843203,1555312843680
4170,1555312843244,1555312843693
4171,1555312843284,1555312843747
4172,1555312843325,1555312843808
4173,1555312843366,1555312843818
4174,1555312843407,1555312843885
4175,1555312843449,1555312843901
4176,1555312843490,1555312843932
4177,1555312843531,1555312843986
4178,1555312843572,1555312844027
4179,1555312843613,1555312844088
4180,1555312843654,1555312844122
4181,1555312843701,1555312844138
4182,1555312843743,1555312844185
4183,1555312843784,1555312844240
4184,1555312843824,1555312844268
4185,1555312843865,1555312844304
4186,1555312843906,1555312844353
4187,1555312843947,1555312844422
4188,1555312843987,1555312844443
4189,1555312844028,1555312844472
4190,1555312844068,1555312844521
4191,1555312844108,1555312844551
4192,1555312844149,1555312844595
4193,1555312844190,1555312844643
4194,1555312844232,1555312844699
4195,1555312844274,1555312844739
4196,1555312844317,1555312844774
4197,1555312844362,1555312844807
4198,1555312844403,1555312844862
4199,1555312844445,1555312844900
4200,1555312844486,1555312844940
4201,1555312844529,1555312844982
4202,1555312844571,1555312845023
4203,1555312844614,1555312845069
4204,1555312844655,1555312845114
4205,1555312844696,1555312845139
4206,1555312844737,1555312845195
4207,1555312844778,1555312845223
4208,1555312844818,1555312845278
4209,1555312844858,1555312845295
4210,1555312844901,1555312845353
4211,1555312844943,1555312845400
4212,1555312844984,1555312845439
4213,1555312845024,1555312845481
4214,1555312845065,1555312845539
4215,1555312845106,1555312845564
4216,1555312845147,1555312845599
4217,1555312845188,1555312845632
4218,1555312845228,1555312845666
4219,1555312845270,1555312845730
4220,1555312845311,1555312845761
4221,1555312845353,1555312845819
4222,1555312845394,1555312845847
4223,1555312845436,1555312845894
4224,1555312845478,1555312845933
4225,1555312845520,1555312845991
4226,1555312845562,1555312846012
4227,1555312845602,1555312846080
4228,1555312845643,1555312846099
4229,1555312845684,1555312846160
4230,1555312845725,1555312846176
4231,1555312845766,1555312846215
4232,1555312845807,1555312846255
4233,1555312845847,1555312846292
4234,1555312845888,1555312846315
4235,1555312845928,1555312846371
4236,1555312845969,1555312846414
4237,1555312846010,1555312846461
4238,1555312846050,1555312846511
4239,1555312846091,1555312846534
4240,1555312846131,1555312846580
4241,1555312846173,1555312846640
4242,1555312846216,1555312846695
4243,1555312846258,1555312846709
4244,1555312846300,1555312846743
4245,1555312846340,1555312846810
4246,1555312846381,1555312846855
4247,1555312846422,1555312846893
4248,1555312846464,1555312846924
4249,1555312846507,1555312846959
4250,1555312846549,1555312846998
4251,1555312846590,1555312847055
4252,1555312846632,1555312847077
4253,1555312846675,1555312847149
4254,1555312846718,1555312847184
4255,1555312846760,1555312847201
4256,1555312846802,1555312847261
4257,1555312846843,1555312847320
4258,1555312846883,1555312847350
4259,1555312846925,1555312847366
4260,1555312846967,1555312847403
4261,1555312847012,1555312847495
4262,1555312847056,1555312847533
4263,1555312847098,1555312847565
4264,1555312847140,1555312847591
4265,1555312847186,1555312847649
4266,1555312847228,1555312847685
4267,1555312847268,1555312847731
4268,1555312847308,1555312847776
4269,1555312847349,1555312847784
4270,1555312847390,1555312847850
4271,1555312847431,1555312847874
4272,1555312847472,1555312847924
4273,1555312847514,1555312847989
4274,1555312847557,1555312848000
4275,1555312847598,1555312848068
4276,1555312847638,1555312848091
4277,1555312847679,1555312848153
4278,1555312847720,1555312848181
4279,1555312847761,1555312848198
4280,1555312847801,1555312848273
4281,1555312847843,1555312848296
4282,1555312847884,1555312848337
4283,1555312847928,1555312848375
4284,1555312847967,1555312848429
4285,1555312848008,1555312848490
4286,1555312848049,1555312848535
4287,1555312848092,1555312848560
4288,1555312848135,1555312848608
4289,1555312848177,1555312848649
4290,1555312848220,1555312848663
4291,1555312848262,1555312848696
4292,1555312848304,1555312848775
4293,1555312848345,1555312848818
4294,1555312848385,1555312848843
4295,1555312848426,1555312848873
4296,1555312848467,1555312848901
4297,1555312848509,1555312848958
4298,1555312848550,1555312849012
4299,1555312848592,1555312849044
4300,1555312848635,1555312849091
4301,1555312848676,1555312849136
4302,1555312848716,1555312849187
4303,1555312848756,1555312849200
4304,1555312848797,1555312849245
4305,1555312848838,1555312849304
4306,1555312848878,1555312849360
4307,1555312848920,1555312849384
4308,1555312848961,1555312849418
4309,1555312849002,1555312849452
4310,1555312849044,1555312849513
4311,1555312849085,1555312849553
4312,1555312849126,1555312849580
4313,1555312849167,1555312849609
4314,1555312849208,1555312849649
4315,1555312849249,1555312849709
4316,1555312849289,1555312849751
4317,1555312849330,1555312849789
4318,1555312849371,1555312849828
4319,1555312849412,1555312849864
4320,1555312849453,1555312849920
4321,1555312849492,1555312849927
4322,1555312849533,1555312849979
4323,1555312849574,1555312850012
4324,1555312849615,1555312850080
4325,1555312849657,1555312850101
4326,1555312849698,1555312850147
4327,1555312849739,1555312850207
4328,1555312849780,1555312850251
4329,1555312849820,1555312850270
4330,1555312849862,1555312850323
4331,1555312849903,1555312850342
4332,1555312849943,1555312850397
4333,1555312849990,1555312850446
4334,1555312850032,1555312850507
4335,1555312850074,1555312850527
4336,1555312850115,1555312850578
4337,1555312850155,1555312850644
4338,1555312850202,1555312850684
4339,1555312850242,1555312850708
4340,1555312850283,1555312850739
4341,1555312850325,1555312850786
4342,1555312850365,1555312850828
4343,1555312850406,1555312850852
4344,1555312850448,1555312850896
4345,1555312850494,1555312850956
4346,1555312850536,1555312850982
4347,1555312850579,1555312851057
4348,1555312850620,1555312851077
4349,1555312850660,1555312851115
4350,1555312850702,1555312851164
4351,1555312850744,1555312851212
4352,1555312850786,1555312851237
4353,1555312850827,1555312851289
4355,1555312850908,1555312851351
4354,1555312850867,1555312851352
4356,1555312850950,1555312851408
4357,1555312850992,1555312851438
4358,1555312851033,1555312851486
4359,1555312851074,1555312851525
4360,1555312851115,1555312851585
4361,1555312851157,1555312851624
4362,1555312851198,1555312851666
4363,1555312851240,1555312851695
4364,1555312851281,1555312851745
4365,1555312851322,1555312851768
4366,1555312851363,1555312851836
4367,1555312851404,1555312851845
4368,1555312851446,1555312851903
4369,1555312851487,1555312851921
4370,1555312851528,1555312851974
4371,1555312851569,1555312852023
4372,1555312851610,1555312852058
4373,1555312851652,1555312852097
4374,1555312851693,1555312852129
4375,1555312851732,1555312852166
4376,1555312851773,1555312852230
4382,1555312852021,1555312852513
4380,1555312851940,1555312852517
4378,1555312851856,1555312852523
4377,1555312851814,1555312852524
4379,1555312851898,1555312852536
4381,1555312851980,1555312852538
4384,1555312852102,1555312852551
4383,1555312852062,1555312852553
4385,1555312852143,1555312852597
4386,1555312852183,1555312852642
4387,1555312852231,1555312852695
4388,1555312852272,1555312852732
4389,1555312852313,1555312852792
4390,1555312852352,1555312852812
4391,1555312852393,1555312852882
4392,1555312852435,1555312852914
4393,1555312852477,1555312852935
4394,1555312852518,1555312852968
4395,1555312852560,1555312853024
4396,1555312852600,1555312853072
4397,1555312852644,1555312853117
4398,1555312852687,1555312853136
4399,1555312852728,1555312853191
4400,1555312852769,1555312853242
4402,1555312852851,1555312853327
4401,1555312852810,1555312853330
4403,1555312852891,1555312853366
4405,1555312852973,1555312853433
4404,1555312852932,1555312853455
4406,1555312853014,1555312853461
4407,1555312853055,1555312853547
4408,1555312853097,1555312853571
4409,1555312853138,1555312853600
4410,1555312853180,1555312853678
4411,1555312853221,1555312853684
4412,1555312853262,1555312853743
4413,1555312853303,1555312853745
4414,1555312853344,1555312853781
4415,1555312853386,1555312853857
4416,1555312853428,1555312853891
4417,1555312853469,1555312853926
4418,1555312853510,1555312853958
4419,1555312853550,1555312854002
4420,1555312853591,1555312854039
4421,1555312853633,1555312854090
4422,1555312853674,1555312854152
4423,1555312853715,1555312854158
4424,1555312853756,1555312854208
4425,1555312853796,1555312854235
4426,1555312853837,1555312854288
4427,1555312853878,1555312854419
4428,1555312853921,1555312854420
4429,1555312853963,1555312854421
4430,1555312854004,1555312854529
4432,1555312854091,1555312854530
4431,1555312854047,1555312854536
4433,1555312854133,1555312854630
4434,1555312854175,1555312854634
4435,1555312854216,1555312854763
4436,1555312854261,1555312854767
4437,1555312854306,1555312854776
4438,1555312854416,1555312854885
4439,1555312854457,1555312854902
4441,1555312854539,1555312854978
4440,1555312854498,1555312855002
4442,1555312854578,1555312855032
4443,1555312854619,1555312855061
4444,1555312854660,1555312855125
4445,1555312854700,1555312855140
4447,1555312854781,1555312855212
4446,1555312854740,1555312855214
4448,1555312854824,1555312855275
4449,1555312854865,1555312855303
4450,1555312854906,1555312855363
4451,1555312854950,1555312855406
4452,1555312854991,1555312855426
4453,1555312855032,1555312855474
4454,1555312855073,1555312855532
4455,1555312855113,1555312855573
4456,1555312855154,1555312855597
4457,1555312855195,1555312855670
4458,1555312855236,1555312855685
4459,1555312855278,1555312855735
4460,1555312855321,1555312855808
4461,1555312855362,1555312855850
4462,1555312855402,1555312855879
4463,1555312855443,1555312855901
4464,1555312855483,1555312855939
4465,1555312855525,1555312855998
4466,1555312855567,1555312856040
4467,1555312855609,1555312856046
4468,1555312855651,1555312856119
4469,1555312855695,1555312856140
4470,1555312855736,1555312856199
4471,1555312855779,1555312856246
4472,1555312855821,1555312856271
4473,1555312855861,1555312856311
4474,1555312855902,1555312856378
4475,1555312855943,1555312856424
4476,1555312855985,1555312856453
4477,1555312856027,1555312856470
4478,1555312856068,1555312856544
4479,1555312856111,1555312856567
4480,1555312856153,1555312856629
4481,1555312856195,1555312856662
4482,1555312856238,1555312856681
4483,1555312856279,1555312856754
4484,1555312856321,1555312856788
4485,1555312856363,1555312856825
4486,1555312856404,1555312856875
4487,1555312856446,1555312856891
4488,1555312856486,1555312856932
4489,1555312856528,1555312856994
4490,1555312856568,1555312857010
4491,1555312856610,1555312857057
4492,1555312856652,1555312857105
4493,1555312856694,1555312857137
4494,1555312856735,1555312857176
4495,1555312856777,1555312857229
4496,1555312856819,1555312857278
4497,1555312856859,1555312857309
4498,1555312856899,1555312857340
4499,1555312856940,1555312857390
4500,1555312856981,1555312857431
4501,1555312857023,1555312857474
4502,1555312857064,1555312857516
4503,1555312857106,1555312857553
4504,1555312857148,1555312857610
4505,1555312857189,1555312857634
4506,1555312857230,1555312857676
4507,1555312857273,1555312857736
4508,1555312857314,1555312857765
4510,1555312857396,1555312857849
4509,1555312857355,1555312857851
4511,1555312857439,1555312857908
4512,1555312857481,1555312857955
4513,1555312857521,1555312857970
4514,1555312857561,1555312858045
4515,1555312857601,1555312858065
4516,1555312857642,1555312858080
4517,1555312857685,1555312858144
4518,1555312857727,1555312858200
4519,1555312857769,1555312858239
4520,1555312857810,1555312858264
4521,1555312857851,1555312858310
4522,1555312857892,1555312858360
4523,1555312857932,1555312858386
4524,1555312857973,1555312858438
4525,1555312858013,1555312858458
4526,1555312858053,1555312858524
4527,1555312858094,1555312858553
4528,1555312858134,1555312858609
4529,1555312858175,1555312858627
4530,1555312858216,1555312858664
4531,1555312858265,1555312858721
4532,1555312858307,1555312858769
4533,1555312858348,1555312858810
4534,1555312858388,1555312858862
4535,1555312858428,1555312858880
4536,1555312858469,1555312858930
4537,1555312858510,1555312858959
4538,1555312858550,1555312858999
4539,1555312858590,1555312859064
4540,1555312858632,1555312859080
4541,1555312858673,1555312859131
4542,1555312858713,1555312859183
4543,1555312858754,1555312859200
4544,1555312858795,1555312859239
4545,1555312858836,1555312859307
4546,1555312858877,1555312859323
4547,1555312858919,1555312859358
4548,1555312858960,1555312859400
4549,1555312859001,1555312859444
4550,1555312859042,1555312859497
4551,1555312859083,1555312859532
4552,1555312859123,1555312859555
4553,1555312859163,1555312859616
4554,1555312859205,1555312859639
4555,1555312859246,1555312859703
4556,1555312859287,1555312859726
4557,1555312859328,1555312859796
4558,1555312859368,1555312859806
4559,1555312859409,1555312859865
4560,1555312859451,1555312859920
4561,1555312859493,1555312859952
4562,1555312859535,1555312860007
4563,1555312859577,1555312860030
4564,1555312859620,1555312860068
4565,1555312859662,1555312860108
4566,1555312859704,1555312860152
4567,1555312859745,1555312860202
4568,1555312859785,1555312860243
4569,1555312859825,1555312860297
4570,1555312859866,1555312860338
4571,1555312859906,1555312860360
4572,1555312859946,1555312860395
4573,1555312859987,1555312860437
4574,1555312860028,1555312860461
4575,1555312860069,1555312860514
4576,1555312860111,1555312860572
4577,1555312860153,1555312860616
4578,1555312860195,1555312860673
4579,1555312860236,1555312860700
4580,1555312860277,1555312860718
4581,1555312860317,1555312860769
4582,1555312860358,1555312860815
4583,1555312860399,1555312860854
4584,1555312860440,1555312860900
4585,1555312860481,1555312860926
4586,1555312860522,1555312860986
4587,1555312860563,1555312861000
4588,1555312860604,1555312861071
4589,1555312860645,1555312861103
4590,1555312860687,1555312861130
4591,1555312860729,1555312861181
4592,1555312860771,1555312861242
4593,1555312860812,1555312861252
4594,1555312860853,1555312861296
4595,1555312860893,1555312861359
4596,1555312860934,1555312861386
4597,1555312860975,1555312861430
4598,1555312861015,1555312861477
4599,1555312861056,1555312861507
4600,1555312861095,1555312861556
4601,1555312861136,1555312861568
4602,1555312861177,1555312861621
4603,1555312861218,1555312861663
4604,1555312861257,1555312861716
4605,1555312861298,1555312861755
4606,1555312861338,1555312861810
4607,1555312861378,1555312861817
4608,1555312861419,1555312861880
4609,1555312861460,1555312861902
4610,1555312861500,1555312861962
4611,1555312861541,1555312861986
4612,1555312861584,1555312862022
4613,1555312861626,1555312862094
4614,1555312861667,1555312862116
4615,1555312861708,1555312862159
4616,1555312861749,1555312862202
4617,1555312861791,1555312862242
4618,1555312861832,1555312862295
4619,1555312861872,1555312862310
4620,1555312861912,1555312862378
4622,1555312861996,1555312862432
4621,1555312861954,1555312862448
4623,1555312862037,1555312862496
4624,1555312862078,1555312862536
4625,1555312862119,1555312862575
4626,1555312862160,1555312862620
4627,1555312862202,1555312862663
4628,1555312862242,1555312862699
4629,1555312862283,1555312862736
4630,1555312862323,1555312862782
4631,1555312862363,1555312862821
4632,1555312862404,1555312862881
4633,1555312862446,1555312862904
4634,1555312862487,1555312862930
4635,1555312862527,1555312862984
4636,1555312862568,1555312863020
4637,1555312862609,1555312863060
4638,1555312862650,1555312863130
4639,1555312862689,1555312863155
4640,1555312862731,1555312863177
4641,1555312862771,1555312863229
4642,1555312862811,1555312863277
4643,1555312862851,1555312863316
4644,1555312862905,1555312863358
4645,1555312862947,1555312863413
4646,1555312862988,1555312863432
4647,1555312863028,1555312863494
4648,1555312863069,1555312863526
4649,1555312863111,1555312863562
4650,1555312863150,1555312863595
4651,1555312863190,1555312863644
4652,1555312863232,1555312863675
4653,1555312863273,1555312863707
4654,1555312863315,1555312863782
4655,1555312863356,1555312863790
4656,1555312863397,1555312863870
4657,1555312863438,1555312863908
4659,1555312863519,1555312863974
4658,1555312863479,1555312863992
4660,1555312863560,1555312864024
4661,1555312863601,1555312864044
4662,1555312863641,1555312864119
4663,1555312863681,1555312864154
4664,1555312863723,1555312864169
4665,1555312863764,1555312864212
4666,1555312863805,1555312864270
4667,1555312863845,1555312864286
4668,1555312863885,1555312864346
4669,1555312863926,1555312864393
4670,1555312863968,1555312864439
4671,1555312864010,1555312864497
4672,1555312864052,1555312864508
4673,1555312864093,1555312864554
4674,1555312864134,1555312864585
4675,1555312864174,1555312864638
4676,1555312864216,1555312864683
4677,1555312864256,1555312864722
4678,1555312864297,1555312864753
4679,1555312864337,1555312864795
4680,1555312864378,1555312864839
4681,1555312864419,1555312864864
4682,1555312864459,1555312864914
4683,1555312864502,1555312864971
4684,1555312864543,1555312864989
4685,1555312864584,1555312865038
4686,1555312864624,1555312865071
4687,1555312864665,1555312865127
4688,1555312864707,1555312865171
4689,1555312864748,1555312865216
4690,1555312864789,1555312865229
4691,1555312864830,1555312865277
4692,1555312864869,1555312865304
4693,1555312864910,1555312865363
4694,1555312864951,1555312865405
4695,1555312864993,1555312865461
4696,1555312865034,1555312865483
4697,1555312865077,1555312865550
4698,1555312865118,1555312865568
4700,1555312865198,1555312865661
4701,1555312865240,1555312865690
4702,1555312865281,1555312865716
4703,1555312865322,1555312865770
4704,1555312865363,1555312865824
4705,1555312865403,1555312865862
4706,1555312865444,1555312865895
4707,1555312865484,1555312865957
4708,1555312865525,1555312865990
4709,1555312865566,1555312866024
4710,1555312865605,1555312866064
4711,1555312865645,1555312866088
4712,1555312865685,1555312866146
4713,1555312865726,1555312866187
4714,1555312865768,1555312866239
4715,1555312865807,1555312866260
4716,1555312865848,1555312866312
4717,1555312865888,1555312866335
4718,1555312865931,1555312866389
4719,1555312865972,1555312866453
4720,1555312866017,1555312866478
4721,1555312866060,1555312866530
4722,1555312866102,1555312866554
4723,1555312866143,1555312866603
4724,1555312866184,1555312866663
4725,1555312866227,1555312866668
4726,1555312866268,1555312866735
4727,1555312866311,1555312866751
4728,1555312866352,1555312866794
4729,1555312866393,1555312866848
4730,1555312866434,1555312866915
4732,1555312866517,1555312866964
4731,1555312866475,1555312866999
4733,1555312866560,1555312867026
4734,1555312866604,1555312867070
4735,1555312866645,1555312867111
4736,1555312866686,1555312867138
4737,1555312866728,1555312867179
4738,1555312866769,1555312867214
4741,1555312866895,1555312867463
4740,1555312866854,1555312867466
4744,1555312867019,1555312867471
4739,1555312866811,1555312867473
4742,1555312866936,1555312867482
4743,1555312866977,1555312867487
4745,1555312867062,1555312867533
4746,1555312867104,1555312867544
4747,1555312867146,1555312867594
4748,1555312867188,1555312867638
4749,1555312867231,1555312867682
4750,1555312867273,1555312867726
4751,1555312867315,1555312867763
4752,1555312867355,1555312867793
4753,1555312867396,1555312867863
4754,1555312867438,1555312867886
4755,1555312867480,1555312867924
4756,1555312867521,1555312867957
4757,1555312867561,1555312868009
4758,1555312867601,1555312868044
4759,1555312867640,1555312868079
4760,1555312867681,1555312868133
4761,1555312867721,1555312868164
4762,1555312867761,1555312868230
4763,1555312867802,1555312868260
4764,1555312867843,1555312868303
4765,1555312867883,1555312868345
4766,1555312867924,1555312868371
4767,1555312867965,1555312868448
4768,1555312868007,1555312868480
4769,1555312868049,1555312868506
4770,1555312868089,1555312868555
4771,1555312868131,1555312868591
4772,1555312868171,1555312868638
4773,1555312868213,1555312868658
4774,1555312868254,1555312868726
4775,1555312868297,1555312868733
4776,1555312868339,1555312868796
4777,1555312868380,1555312868817
4778,1555312868420,1555312868869
4779,1555312868461,1555312868925
4780,1555312868503,1555312868952
4781,1555312868545,1555312869002
4782,1555312868586,1555312869031
4783,1555312868628,1555312869103
4784,1555312868670,1555312869142
4785,1555312868712,1555312869169
4786,1555312868754,1555312869283
4787,1555312868797,1555312869285
4788,1555312868839,1555312869289
4790,1555312868921,1555312869400
4789,1555312868880,1555312869400
4791,1555312868962,1555312869403
4793,1555312869044,1555312869512
4792,1555312869004,1555312869514
4794,1555312869085,1555312869528
4795,1555312869127,1555312869622
4796,1555312869170,1555312869632
4797,1555312869280,1555312869709
4798,1555312869321,1555312869758
4799,1555312869362,1555312869818
4800,1555312869403,1555312869852
4801,1555312869444,1555312869908
4802,1555312869484,1555312869916
4803,1555312869525,1555312869980
4804,1555312869566,1555312870015
4805,1555312869607,1555312870046
4806,1555312869646,1555312870093
4807,1555312869686,1555312870160
4808,1555312869727,1555312870201
4810,1555312869809,1555312870251
4809,1555312869768,1555312870261
4811,1555312869850,1555312870300
4812,1555312869890,1555312870369
4813,1555312869931,1555312870381
4814,1555312869972,1555312870417
4815,1555312870013,1555312870466
4816,1555312870053,1555312870501
4817,1555312870093,1555312870527
4818,1555312870134,1555312870603
4819,1555312870176,1555312870619
4820,1555312870216,1555312870668
4821,1555312870257,1555312870709
4822,1555312870297,1555312870763
4823,1555312870339,1555312870806
4824,1555312870382,1555312870820
4825,1555312870424,1555312870887
4826,1555312870467,1555312870915
4827,1555312870508,1555312870957
4828,1555312870548,1555312870998
4829,1555312870590,1555312871037
4830,1555312870632,1555312871092
4831,1555312870674,1555312871134
4832,1555312870716,1555312871182
4833,1555312870758,1555312871222
4834,1555312870800,1555312871262
4835,1555312870841,1555312871285
4836,1555312870881,1555312871338
4837,1555312870922,1555312871371
4838,1555312870962,1555312871415
4839,1555312871003,1555312871455
4840,1555312871046,1555312871514
4841,1555312871088,1555312871540
4842,1555312871129,1555312871587
4843,1555312871171,1555312871627
4844,1555312871213,1555312871671
4845,1555312871254,1555312871733
4846,1555312871296,1555312871746
4847,1555312871338,1555312871770
4848,1555312871379,1555312871831
4849,1555312871420,1555312871870
4850,1555312871462,1555312871930
4851,1555312871505,1555312871953
4852,1555312871546,1555312872006
4853,1555312871588,1555312872054
4854,1555312871628,1555312872078
4855,1555312871672,1555312872165
4856,1555312871712,1555312872190
4857,1555312871753,1555312872257
4858,1555312871795,1555312872265
4859,1555312871836,1555312872298
4860,1555312871876,1555312872316
4861,1555312871917,1555312872372
4862,1555312871959,1555312872400
4863,1555312872000,1555312872472
4864,1555312872041,1555312872480
4865,1555312872082,1555312872537
4866,1555312872123,1555312872586
4867,1555312872166,1555312872615
4868,1555312872207,1555312872650
4869,1555312872248,1555312872689
4870,1555312872290,1555312872732
4871,1555312872333,1555312872793
4872,1555312872374,1555312872819
4873,1555312872414,1555312872855
4874,1555312872455,1555312872898
4875,1555312872496,1555312872952
4876,1555312872537,1555312872984
4877,1555312872578,1555312873020
4878,1555312872619,1555312873091
4879,1555312872660,1555312873113
4880,1555312872701,1555312873168
4881,1555312872740,1555312873188
4882,1555312872781,1555312873230
4883,1555312872822,1555312873278
4884,1555312872862,1555312873337
4885,1555312872903,1555312873363
4886,1555312872943,1555312873371
4887,1555312872984,1555312873421
4888,1555312873024,1555312873485
4889,1555312873064,1555312873520
4890,1555312873104,1555312873557
4891,1555312873144,1555312873610
4892,1555312873188,1555312873677
4893,1555312873229,1555312873693
4894,1555312873268,1555312873724
4895,1555312873309,1555312873760
4896,1555312873350,1555312873790
4897,1555312873390,1555312873836
4898,1555312873446,1555312873915
4899,1555312873486,1555312873962
4900,1555312873529,1555312873982
4901,1555312873570,1555312874031
4902,1555312873613,1555312874053
4903,1555312873654,1555312874093
4904,1555312873694,1555312874131
4905,1555312873735,1555312874192
4906,1555312873776,1555312874230
4907,1555312873818,1555312874254
4908,1555312873859,1555312874338
4909,1555312873900,1555312874367
4910,1555312873941,1555312874395
4911,1555312873983,1555312874442
4912,1555312874024,1555312874490
4913,1555312874065,1555312874524
4914,1555312874106,1555312874555
4915,1555312874150,1555312874607
4916,1555312874193,1555312874652
4917,1555312874234,1555312874712
4918,1555312874277,1555312874739
4919,1555312874319,1555312874795
4920,1555312874360,1555312874818
4921,1555312874401,1555312874846
4922,1555312874444,1555312874913
4923,1555312874486,1555312874944
4924,1555312874528,1555312875013
4925,1555312874572,1555312875023
4926,1555312874614,1555312875068
4927,1555312874655,1555312875107
4928,1555312874697,1555312875153
4929,1555312874740,1555312875195
4930,1555312874782,1555312875270
4931,1555312874824,1555312875284
4932,1555312874867,1555312875338
4933,1555312874908,1555312875361
4934,1555312874951,1555312875401
4935,1555312874993,1555312875470
4936,1555312875035,1555312875511
4937,1555312875076,1555312875529
4938,1555312875117,1555312875579
4939,1555312875160,1555312875638
4940,1555312875202,1555312875654
4941,1555312875244,1555312875696
4942,1555312875285,1555312875760
4943,1555312875327,1555312875767
4944,1555312875368,1555312875815
4945,1555312875408,1555312875857
4946,1555312875449,1555312875907
4947,1555312875491,1555312875950
4948,1555312875533,1555312875995
4949,1555312875575,1555312876025
4950,1555312875617,1555312876056
4951,1555312875658,1555312876121
4952,1555312875701,1555312876143
4953,1555312875743,1555312876192
4954,1555312875785,1555312876242
4955,1555312875827,1555312876270
4956,1555312875867,1555312876326
4957,1555312875908,1555312876389
4958,1555312875952,1555312876417
4959,1555312875993,1555312876455
4960,1555312876033,1555312876472
4961,1555312876075,1555312876535
4962,1555312876116,1555312876584
4963,1555312876157,1555312876605
4964,1555312876199,1555312876655
4965,1555312876240,1555312876681
4966,1555312876281,1555312876730
4967,1555312876323,1555312876787
4968,1555312876364,1555312876836
4969,1555312876404,1555312876881
4970,1555312876446,1555312876899
4971,1555312876488,1555312876943
4972,1555312876531,1555312876994
4973,1555312876573,1555312877024
4974,1555312876614,1555312877072
4975,1555312876656,1555312877123
4976,1555312876697,1555312877174
4977,1555312876738,1555312877200
4978,1555312876779,1555312877232
4979,1555312876821,1555312877277
4980,1555312876862,1555312877302
4981,1555312876903,1555312877346
4982,1555312876944,1555312877401
4983,1555312876986,1555312877431
4984,1555312877027,1555312877481
4985,1555312877068,1555312877522
4986,1555312877110,1555312877570
4987,1555312877152,1555312877598
4988,1555312877194,1555312877649
4989,1555312877238,1555312877691
4990,1555312877279,1555312877722
4991,1555312877321,1555312877775
4992,1555312877364,1555312877820
4993,1555312877405,1555312877851
4995,1555312877488,1555312877934
4994,1555312877445,1555312877935
4996,1555312877530,1555312877985
4997,1555312877570,1555312878026
4998,1555312877611,1555312878065
4999,1555312877652,1555312878102
5000,1555312877693,1555312878173
5001,1555312877735,1555312878192
5002,1555312877776,1555312878264
5003,1555312877817,1555312878266
5004,1555312877858,1555312878321
5005,1555312877897,1555312878348
5006,1555312877937,1555312878423
5007,1555312877980,1555312878454
5008,1555312878021,1555312878492
5009,1555312878062,1555312878525
5010,1555312878104,1555312878554
5011,1555312878144,1555312878596
5012,1555312878186,1555312878636
5013,1555312878230,1555312878670
5014,1555312878270,1555312878737
5015,1555312878312,1555312878762
5016,1555312878354,1555312878792
5017,1555312878394,1555312878867
5018,1555312878436,1555312878890
5019,1555312878477,1555312878928
5020,1555312878519,1555312878968
5021,1555312878561,1555312879015
5022,1555312878604,1555312879080
5023,1555312878649,1555312879111
5024,1555312878690,1555312879147
5025,1555312878731,1555312879183
5026,1555312878773,1555312879221
5027,1555312878815,1555312879265
5028,1555312878857,1555312879319
5029,1555312878898,1555312879361
5030,1555312878939,1555312879376
5031,1555312878980,1555312879415
5032,1555312879021,1555312879477
5033,1555312879060,1555312879498
5034,1555312879101,1555312879546
5035,1555312879148,1555312879634
5036,1555312879193,1555312879653
5037,1555312879235,1555312879674
5038,1555312879276,1555312879719
5039,1555312879317,1555312879769
5040,1555312879357,1555312879803
5041,1555312879399,1555312879845
5042,1555312879440,1555312879907
5043,1555312879481,1555312879943
5044,1555312879523,1555312879990
5045,1555312879564,1555312880021
5046,1555312879606,1555312880082
5047,1555312879648,1555312880138
5048,1555312879691,1555312880144
5049,1555312879733,1555312880198
5050,1555312879775,1555312880246
5051,1555312879816,1555312880281
5052,1555312879859,1555312880314
5053,1555312879901,1555312880347
5054,1555312879942,1555312880403
5055,1555312879982,1555312880436
5056,1555312880024,1555312880468
5057,1555312880065,1555312880532
5058,1555312880107,1555312880547
5059,1555312880151,1555312880613
5060,1555312880193,1555312880641
5061,1555312880233,1555312880696
5062,1555312880275,1555312880750
5063,1555312880317,1555312880777
5064,1555312880359,1555312880806
5065,1555312880401,1555312880861
5066,1555312880442,1555312880880
5067,1555312880482,1555312880938
5068,1555312880522,1555312880971
5069,1555312880562,1555312881009
5070,1555312880602,1555312881071
5071,1555312880642,1555312881092
5072,1555312880683,1555312881147
5073,1555312880724,1555312881190
5074,1555312880765,1555312881238
5075,1555312880808,1555312881264
5076,1555312880850,1555312881309
5077,1555312880891,1555312881338
5078,1555312880934,1555312881374
5079,1555312880974,1555312881417
5080,1555312881015,1555312881458
5081,1555312881056,1555312881489
5082,1555312881097,1555312881547
5083,1555312881138,1555312881616
5084,1555312881179,1555312881662
5085,1555312881221,1555312881664
5086,1555312881264,1555312881706
5087,1555312881306,1555312881759
5088,1555312881347,1555312881809
5089,1555312881388,1555312881857
5090,1555312881429,1555312881866
5091,1555312881472,1555312881921
5092,1555312881513,1555312881976
5093,1555312881553,1555312882006
5094,1555312881594,1555312882060
5095,1555312881636,1555312882100
5096,1555312881679,1555312882136
5097,1555312881720,1555312882175
5098,1555312881761,1555312882229
5100,1555312881841,1555312882473
5102,1555312881923,1555312882476
5103,1555312881964,1555312882478
5101,1555312881882,1555312882479
5099,1555312881801,1555312882483
5104,1555312882008,1555312882496
5105,1555312882050,1555312882500
5106,1555312882092,1555312882559
5107,1555312882133,1555312882606
5108,1555312882176,1555312882617
5109,1555312882217,1555312882683
5110,1555312882259,1555312882708
5111,1555312882300,1555312882759
5112,1555312882342,1555312882811
5113,1555312882382,1555312882839
5114,1555312882423,1555312882878
5115,1555312882463,1555312882910
5116,1555312882505,1555312882963
5117,1555312882547,1555312883000
5118,1555312882588,1555312883062
5119,1555312882630,1555312883098
5120,1555312882672,1555312883151
5121,1555312882715,1555312883162
5122,1555312882756,1555312883224
5123,1555312882795,1555312883242
5124,1555312882837,1555312883281
5125,1555312882876,1555312883317
5126,1555312882916,1555312883386
5127,1555312882957,1555312883410
5128,1555312882998,1555312883448
5129,1555312883039,1555312883506
5130,1555312883079,1555312883544
5131,1555312883120,1555312883577
5132,1555312883161,1555312883615
5133,1555312883201,1555312883647
5134,1555312883241,1555312883698
5135,1555312883281,1555312883719
5136,1555312883323,1555312883764
5137,1555312883364,1555312883825
5138,1555312883405,1555312883859
5139,1555312883444,1555312883895
5140,1555312883487,1555312883930
5141,1555312883528,1555312883985
5142,1555312883568,1555312884007
5143,1555312883609,1555312884085
5144,1555312883651,1555312884110
5145,1555312883692,1555312884140
5146,1555312883733,1555312884192
5147,1555312883773,1555312884333
5148,1555312883815,1555312884334
5149,1555312883856,1555312884336
5150,1555312883897,1555312884440
5151,1555312883937,1555312884455
5154,1555312884059,1555312884544
5153,1555312884018,1555312884560
5152,1555312883978,1555312884570
5157,1555312884182,1555312884683
5156,1555312884141,1555312884691
5155,1555312884100,1555312884698
5158,1555312884310,1555312884765
5159,1555312884351,1555312884816
5160,1555312884393,1555312884848
5161,1555312884433,1555312884869
5162,1555312884474,1555312884926
5163,1555312884515,1555312884989
5164,1555312884556,1555312885012
5165,1555312884596,1555312885044
5166,1555312884636,1555312885083
5167,1555312884677,1555312885136
5168,1555312884717,1555312885171
5169,1555312884757,1555312885219
5170,1555312884796,1555312885233
5171,1555312884838,1555312885286
5172,1555312884879,1555312885324
5173,1555312884920,1555312885362
5174,1555312884962,1555312885447
5175,1555312885003,1555312885481
5176,1555312885045,1555312885508
5177,1555312885086,1555312885544
5178,1555312885127,1555312885580
5179,1555312885166,1555312885623
5180,1555312885207,1555312885676
5181,1555312885248,1555312885697
5182,1555312885289,1555312885747
5183,1555312885328,1555312885772
5184,1555312885371,1555312885820
5185,1555312885414,1555312885872
5186,1555312885456,1555312885911
5187,1555312885497,1555312885942
5188,1555312885538,1555312885989
5189,1555312885582,1555312886049
5190,1555312885626,1555312886089
5191,1555312885668,1555312886133
5192,1555312885713,1555312886145
5193,1555312885754,1555312886245
5194,1555312885795,1555312886248
5195,1555312885836,1555312886301
5196,1555312885877,1555312886346
5197,1555312885918,1555312886374
5198,1555312885959,1555312886404
5199,1555312886000,1555312886466
5200,1555312886043,1555312886485
5201,1555312886085,1555312886541
5202,1555312886127,1555312886587
5203,1555312886170,1555312886610
5204,1555312886213,1555312886681
5205,1555312886254,1555312886709
5206,1555312886295,1555312886754
5207,1555312886336,1555312886810
5208,1555312886377,1555312886846
5209,1555312886418,1555312886897
5210,1555312886467,1555312886921
5211,1555312886508,1555312886942
5212,1555312886548,1555312887009
5213,1555312886588,1555312887032
5214,1555312886629,1555312887090
5215,1555312886669,1555312887121
5216,1555312886709,1555312887167
5217,1555312886750,1555312887215
5218,1555312886791,1555312887244
5219,1555312886832,1555312887299
5220,1555312886873,1555312887332
5221,1555312886912,1555312887362
5222,1555312886953,1555312887402
5223,1555312886999,1555312887466
5224,1555312887041,1555312887488
5225,1555312887084,1555312887548
5226,1555312887125,1555312887581
5227,1555312887168,1555312887639
5228,1555312887216,1555312887681
5229,1555312887261,1555312887720
5230,1555312887301,1555312887772
5231,1555312887343,1555312887777
5232,1555312887385,1555312887844
5233,1555312887425,1555312887874
5234,1555312887466,1555312887923
5235,1555312887506,1555312887950
5236,1555312887547,1555312888004
5237,1555312887588,1555312888030
5238,1555312887628,1555312888068
5239,1555312887668,1555312888098
5240,1555312887707,1555312888162
5241,1555312887748,1555312888179
5242,1555312887788,1555312888230
5243,1555312887829,1555312888278
5244,1555312887870,1555312888317
5245,1555312887911,1555312888343
5246,1555312887950,1555312888399
5247,1555312887990,1555312888444
5248,1555312888030,1555312888474
5249,1555312888070,1555312888537
5250,1555312888111,1555312888559
5251,1555312888152,1555312888587
5252,1555312888193,1555312888650
5253,1555312888234,1555312888694
5254,1555312888273,1555312888731
5255,1555312888314,1555312888750
5256,1555312888355,1555312888808
5257,1555312888394,1555312888837
5258,1555312888435,1555312888887
5259,1555312888475,1555312888925
5261,1555312888558,1555312888994
5260,1555312888517,1555312889000
5262,1555312888598,1555312889042
5263,1555312888640,1555312889112
5264,1555312888682,1555312889163
5265,1555312888723,1555312889184
5266,1555312888764,1555312889212
5267,1555312888805,1555312889263
5268,1555312888846,1555312889300
5269,1555312888889,1555312889354
5270,1555312888929,1555312889388
5271,1555312888970,1555312889425
5272,1555312889010,1555312889456
5273,1555312889053,1555312889498
5274,1555312889095,1555312889552
5275,1555312889136,1555312889575
5276,1555312889179,1555312889640
5277,1555312889223,1555312889654
5278,1555312889264,1555312889732
5279,1555312889305,1555312889744
5280,1555312889345,1555312889789
5281,1555312889385,1555312889851
5282,1555312889426,1555312889892
5283,1555312889468,1555312889948
5284,1555312889509,1555312889959
5285,1555312889550,1555312890000
5286,1555312889590,1555312890065
5287,1555312889631,1555312890092
5289,1555312889716,1555312890166
5288,1555312889673,1555312890169
5290,1555312889758,1555312890229
5291,1555312889800,1555312890260
5292,1555312889845,1555312890302
5293,1555312889889,1555312890356
5294,1555312889941,1555312890406
5295,1555312889987,1555312890433
5296,1555312890027,1555312890494
5297,1555312890068,1555312890504
5298,1555312890108,1555312890579
5299,1555312890149,1555312890619
5300,1555312890191,1555312890657
5301,1555312890233,1555312890676
5302,1555312890277,1555312890758
5303,1555312890318,1555312890793
5304,1555312890360,1555312890826
5305,1555312890401,1555312890866
5306,1555312890440,1555312890892
5307,1555312890482,1555312890925
5308,1555312890522,1555312890984
5309,1555312890563,1555312891021
5310,1555312890607,1555312891064
5311,1555312890652,1555312891102
5312,1555312890694,1555312891128
5313,1555312890736,1555312891201
5314,1555312890777,1555312891214
5315,1555312890819,1555312891298
5316,1555312890862,1555312891311
5317,1555312890904,1555312891340
5318,1555312890946,1555312891404
5319,1555312890986,1555312891447
5320,1555312891028,1555312891470
5321,1555312891069,1555312891528
5322,1555312891111,1555312891563
5323,1555312891152,1555312891590
5324,1555312891194,1555312891627
5325,1555312891235,1555312891706
5326,1555312891278,1555312891729
5327,1555312891318,1555312891765
5328,1555312891359,1555312891796
5329,1555312891400,1555312891861
5330,1555312891442,1555312891897
5331,1555312891485,1555312891954
5332,1555312891529,1555312891996
5333,1555312891570,1555312892049
5334,1555312891611,1555312892066
5335,1555312891653,1555312892119
5336,1555312891696,1555312892152
5337,1555312891738,1555312892204
5338,1555312891779,1555312892231
5339,1555312891821,1555312892288
5340,1555312891862,1555312892305
5341,1555312891903,1555312892362
5342,1555312891947,1555312892405
5343,1555312891990,1555312892428
5345,1555312892073,1555312892512
5344,1555312892032,1555312892514
5346,1555312892115,1555312892604
5347,1555312892156,1555312892626
5348,1555312892197,1555312892653
5349,1555312892239,1555312892718
5350,1555312892281,1555312892740
5351,1555312892322,1555312892764
5352,1555312892363,1555312892835
5353,1555312892403,1555312892862
5354,1555312892444,1555312892882
5355,1555312892487,1555312892960
5356,1555312892528,1555312892963
5357,1555312892570,1555312893036
5358,1555312892620,1555312893093
5359,1555312892661,1555312893116
5360,1555312892701,1555312893164
5361,1555312892743,1555312893203
5362,1555312892784,1555312893246
5363,1555312892826,1555312893276
5364,1555312892867,1555312893332
5365,1555312892908,1555312893379
5366,1555312892948,1555312893395
5367,1555312892991,1555312893466
5368,1555312893031,1555312893502
5369,1555312893071,1555312893524
5370,1555312893112,1555312893568
5371,1555312893153,1555312893616
5372,1555312893195,1555312893657
5373,1555312893236,1555312893690
5374,1555312893277,1555312893747
5375,1555312893319,1555312893764
5376,1555312893361,1555312893803
5377,1555312893402,1555312893872
5378,1555312893443,1555312893893
5379,1555312893484,1555312893959
5380,1555312893525,1555312893998
5381,1555312893569,1555312894011
5382,1555312893610,1555312894072
5383,1555312893651,1555312894105
5384,1555312893693,1555312894144
5385,1555312893734,1555312894189
5386,1555312893776,1555312894221
5387,1555312893816,1555312894265
5388,1555312893857,1555312894311
5389,1555312893896,1555312894347
5390,1555312893937,1555312894383
5391,1555312893980,1555312894436
5392,1555312894020,1555312894459
5393,1555312894061,1555312894501
5394,1555312894103,1555312894566
5395,1555312894144,1555312894609
5396,1555312894185,1555312894643
5397,1555312894226,1555312894680
5398,1555312894267,1555312894710
5399,1555312894307,1555312894773
5400,1555312894347,1555312894793
5401,1555312894388,1555312894838
5402,1555312894429,1555312894882
5403,1555312894471,1555312894931
5404,1555312894512,1555312894984
5405,1555312894555,1555312895017
5406,1555312894597,1555312895063
5407,1555312894639,1555312895107
5408,1555312894681,1555312895117
5409,1555312894722,1555312895194
5410,1555312894763,1555312895235
5411,1555312894805,1555312895272
5412,1555312894848,1555312895313
5413,1555312894889,1555312895387
5414,1555312894935,1555312895418
5415,1555312894982,1555312895420
5416,1555312895023,1555312895492
5417,1555312895065,1555312895504
5418,1555312895109,1555312895574
5419,1555312895151,1555312895586
5420,1555312895196,1555312895678
5421,1555312895238,1555312895723
5422,1555312895281,1555312895740
5423,1555312895322,1555312895789
5424,1555312895362,1555312895801
5425,1555312895402,1555312895857
5426,1555312895443,1555312895889
5427,1555312895485,1555312895950
5428,1555312895527,1555312895991
5429,1555312895568,1555312896018
5430,1555312895611,1555312896070
5431,1555312895652,1555312896102
5432,1555312895692,1555312896140
5434,1555312895773,1555312896221
5433,1555312895732,1555312896224
5435,1555312895814,1555312896280
5436,1555312895855,1555312896306
5437,1555312895896,1555312896361
5438,1555312895937,1555312896397
5439,1555312895978,1555312896433
5440,1555312896020,1555312896464
5441,1555312896061,1555312896522
5442,1555312896103,1555312896543
5443,1555312896144,1555312896609
5444,1555312896185,1555312896638
5445,1555312896227,1555312896681
5446,1555312896269,1555312896713
5447,1555312896311,1555312896774
5448,1555312896353,1555312896790
5449,1555312896394,1555312896845
5450,1555312896433,1555312896875
5451,1555312896474,1555312896915
5452,1555312896517,1555312896965
5453,1555312896559,1555312897020
5454,1555312896600,1555312897033
5455,1555312896641,1555312897104
5456,1555312896682,1555312897125
5457,1555312896723,1555312897186
5458,1555312896765,1555312897209
5464,1555312897011,1555312897455
5459,1555312896805,1555312897456
5460,1555312896847,1555312897466
5461,1555312896886,1555312897487
5463,1555312896969,1555312897492
5462,1555312896927,1555312897496
5465,1555312897053,1555312897503
5466,1555312897094,1555312897549
5467,1555312897135,1555312897589
5468,1555312897177,1555312897640
5469,1555312897224,1555312897676
5470,1555312897264,1555312897740
5471,1555312897306,1555312897752
5472,1555312897350,1555312897815
5473,1555312897393,1555312897829
5474,1555312897434,1555312897881
5476,1555312897517,1555312897965
5475,1555312897475,1555312897966
5477,1555312897558,1555312898016
5478,1555312897599,1555312898049
5479,1555312897641,1555312898078
5480,1555312897682,1555312898144
5481,1555312897724,1555312898197
5482,1555312897766,1555312898218
5483,1555312897807,1555312898260
5484,1555312897848,1555312898303
5485,1555312897889,1555312898373
5486,1555312897929,1555312898380
5487,1555312897971,1555312898438
5489,1555312898054,1555312898492
5488,1555312898012,1555312898500
5490,1555312898095,1555312898564
5491,1555312898136,1555312898600
5492,1555312898178,1555312898636
5493,1555312898220,1555312898678
5494,1555312898261,1555312898724
5495,1555312898303,1555312898755
5496,1555312898343,1555312898790
5497,1555312898384,1555312898841
5498,1555312898425,1555312898859
5499,1555312898467,1555312898904
5500,1555312898508,1555312898961
5501,1555312898549,1555312899002
5502,1555312898591,1555312899055
5503,1555312898633,1555312899078
5504,1555312898674,1555312899140
5505,1555312898715,1555312899174
5506,1555312898756,1555312899216
5507,1555312898799,1555312899245
5508,1555312898842,1555312899286
5509,1555312898885,1555312899427
5510,1555312898926,1555312899427
5511,1555312898968,1555312899534
5512,1555312899009,1555312899541
5513,1555312899051,1555312899552
5514,1555312899093,1555312899636
5515,1555312899136,1555312899651
5516,1555312899179,1555312899657
5518,1555312899264,1555312899767
5517,1555312899221,1555312899778
5519,1555312899423,1555312899876
5520,1555312899464,1555312899912
5521,1555312899505,1555312899981
5522,1555312899546,1555312900005
5523,1555312899586,1555312900039
5524,1555312899628,1555312900087
5525,1555312899669,1555312900125
5526,1555312899711,1555312900164
5527,1555312899753,1555312900203
5528,1555312899795,1555312900239
5529,1555312899837,1555312900292
5530,1555312899879,1555312900344
5531,1555312899920,1555312900384
5532,1555312899960,1555312900412
5533,1555312900001,1555312900463
5534,1555312900043,1555312900498
5535,1555312900084,1555312900528
5536,1555312900126,1555312900577
5537,1555312900167,1555312900602
5538,1555312900209,1555312900660
5539,1555312900249,1555312900684
5540,1555312900293,1555312900720
5541,1555312900334,1555312900808
5542,1555312900375,1555312900823
5543,1555312900415,1555312900871
5544,1555312900456,1555312900898
5545,1555312900497,1555312900959
5546,1555312900538,1555312900975
5547,1555312900578,1555312901048
5548,1555312900620,1555312901087
5549,1555312900661,1555312901130
5550,1555312900702,1555312901180
5551,1555312900743,1555312901199
5552,1555312900784,1555312901230
5553,1555312900824,1555312901284
5554,1555312900867,1555312901321
5555,1555312900908,1555312901341
5556,1555312900949,1555312901420
5557,1555312900991,1555312901443
5558,1555312901032,1555312901485
5559,1555312901072,1555312901524
5560,1555312901113,1555312901568
5561,1555312901155,1555312901607
5562,1555312901196,1555312901673
5563,1555312901237,1555312901719
5564,1555312901279,1555312901736
5565,1555312901322,1555312901763
5566,1555312901363,1555312901819
5567,1555312901405,1555312901866
5568,1555312901446,1555312901909
5569,1555312901498,1555312901963
5570,1555312901543,1555312901985
5571,1555312901583,1555312902024
5572,1555312901624,1555312902062
5573,1555312901664,1555312902103
5574,1555312901705,1555312902162
5575,1555312901745,1555312902223
5576,1555312901785,1555312902245
5578,1555312901867,1555312902311
5577,1555312901826,1555312902319
5579,1555312901909,1555312902371
5580,1555312901950,1555312902416
5581,1555312901991,1555312902462
5582,1555312902033,1555312902476
5583,1555312902073,1555312902516
5584,1555312902114,1555312902550
5585,1555312902155,1555312902609
5586,1555312902197,1555312902643
5587,1555312902239,1555312902729
5588,1555312902281,1555312902732
5589,1555312902322,1555312902791
5590,1555312902365,1555312902808
5591,1555312902405,1555312902844
5592,1555312902446,1555312902920
5593,1555312902489,1555312902931
5594,1555312902531,1555312902981
5595,1555312902572,1555312903014
5596,1555312902613,1555312903066
5597,1555312902655,1555312903102
5598,1555312902696,1555312903134
5599,1555312902737,1555312903202
5600,1555312902779,1555312903248
5601,1555312902823,1555312903284
5602,1555312902872,1555312903357
5603,1555312902912,1555312903360
5604,1555312902954,1555312903391
5605,1555312902995,1555312903462
5606,1555312903039,1555312903503
5607,1555312903080,1555312903527
5608,1555312903121,1555312903586
5609,1555312903164,1555312903605
5610,1555312903206,1555312903645
5611,1555312903250,1555312903710
5612,1555312903291,1555312903765
5613,1555312903333,1555312903799
5614,1555312903375,1555312903829
5615,1555312903416,1555312903862
5616,1555312903458,1555312903929
5617,1555312903499,1555312903965
5618,1555312903541,1555312904033
5619,1555312903582,1555312904047
5620,1555312903624,1555312904088
5621,1555312903665,1555312904131
5622,1555312903707,1555312904168
5623,1555312903749,1555312904215
5624,1555312903791,1555312904236
5625,1555312903834,1555312904271
5626,1555312903876,1555312904339
5627,1555312903917,1555312904388
5628,1555312903957,1555312904425
5629,1555312904000,1555312904449
5630,1555312904042,1555312904531
5631,1555312904084,1555312904545
5632,1555312904126,1555312904564
5633,1555312904169,1555312904648
5634,1555312904211,1555312904666
5635,1555312904253,1555312904697
5636,1555312904293,1555312904767
5637,1555312904334,1555312904777
5638,1555312904374,1555312904808
5639,1555312904415,1555312904856
5640,1555312904456,1555312904899
5641,1555312904497,1555312904964
5642,1555312904539,1555312905000
5643,1555312904580,1555312905041
5644,1555312904621,1555312905094
5645,1555312904662,1555312905133
5646,1555312904704,1555312905151
5647,1555312904745,1555312905184
5648,1555312904787,1555312905257
5649,1555312904829,1555312905274
5650,1555312904870,1555312905342
5651,1555312904911,1555312905375
5652,1555312904951,1555312905411
5653,1555312904993,1555312905444
5654,1555312905034,1555312905501
5655,1555312905075,1555312905529
5656,1555312905115,1555312905577
5657,1555312905156,1555312905612
5658,1555312905198,1555312905646
5659,1555312905240,1555312905720
5660,1555312905282,1555312905748
5661,1555312905324,1555312905789
5662,1555312905366,1555312905818
5663,1555312905407,1555312905855
5664,1555312905448,1555312905900
5665,1555312905489,1555312905925
5666,1555312905530,1555312905976
5667,1555312905571,1555312906008
5668,1555312905612,1555312906058
5669,1555312905652,1555312906102
5670,1555312905709,1555312906161
5671,1555312905751,1555312906200
5672,1555312905791,1555312906237
5673,1555312905832,1555312906267
5674,1555312905874,1555312906333
5676,1555312905956,1555312906396
5675,1555312905915,1555312906405
5677,1555312905996,1555312906467
5679,1555312906077,1555312906521
5678,1555312906037,1555312906548
5680,1555312906118,1555312906559
5681,1555312906159,1555312906607
5682,1555312906201,1555312906661
5683,1555312906242,1555312906693
5684,1555312906284,1555312906740
5685,1555312906325,1555312906787
5686,1555312906366,1555312906804
5687,1555312906407,1555312906872
5688,1555312906448,1555312906897
5689,1555312906488,1555312906954
5690,1555312906530,1555312906986
5691,1555312906570,1555312907042
5692,1555312906612,1555312907072
5693,1555312906653,1555312907126
5694,1555312906694,1555312907175
5695,1555312906736,1555312907194
5696,1555312906778,1555312907259
5697,1555312906821,1555312907271
5698,1555312906863,1555312907337
5699,1555312906906,1555312907369
5700,1555312906946,1555312907392
5701,1555312906987,1555312907437
5702,1555312907030,1555312907478
5703,1555312907071,1555312907518
5704,1555312907111,1555312907563
5705,1555312907151,1555312907624
5706,1555312907195,1555312907657
5707,1555312907238,1555312907705
5708,1555312907279,1555312907741
5709,1555312907320,1555312907788
5710,1555312907362,1555312907807
5711,1555312907404,1555312907861
5712,1555312907445,1555312907897
5713,1555312907486,1555312907944
5714,1555312907528,1555312907987
5715,1555312907570,1555312908019
5716,1555312907611,1555312908045
5717,1555312907653,1555312908100
5718,1555312907694,1555312908142
5719,1555312907736,1555312908200
5720,1555312907778,1555312908242
5721,1555312907820,1555312908279
5722,1555312907862,1555312908321
5723,1555312907903,1555312908356
5724,1555312907943,1555312908410
5725,1555312907984,1555312908447
5726,1555312908025,1555312908478
5727,1555312908066,1555312908528
5728,1555312908106,1555312908558
5729,1555312908147,1555312908601
5730,1555312908189,1555312908647
5731,1555312908238,1555312908715
5732,1555312908280,1555312908728
5733,1555312908321,1555312908813
5734,1555312908362,1555312908821
5735,1555312908402,1555312908846
5736,1555312908443,1555312908909
5737,1555312908484,1555312908934
5738,1555312908525,1555312908970
5739,1555312908567,1555312909035
5740,1555312908607,1555312909076
5741,1555312908649,1555312909111
5742,1555312908693,1555312909156
5743,1555312908735,1555312909180
5744,1555312908775,1555312909271
5745,1555312908817,1555312909276
5746,1555312908860,1555312909299
5747,1555312908902,1555312909360
5748,1555312908941,1555312909415
5749,1555312908982,1555312909449
5750,1555312909024,1555312909474
5751,1555312909066,1555312909518
5752,1555312909107,1555312909584
5753,1555312909149,1555312909590
5754,1555312909191,1555312909651
5755,1555312909232,1555312909667
5756,1555312909272,1555312909729
5757,1555312909314,1555312909763
5759,1555312909398,1555312909837
5758,1555312909356,1555312909838
5760,1555312909439,1555312909897
5761,1555312909480,1555312909924
5762,1555312909522,1555312909969
5763,1555312909564,1555312910009
5764,1555312909606,1555312910085
5765,1555312909648,1555312910134
5766,1555312909690,1555312910153
5767,1555312909732,1555312910188
5769,1555312909815,1555312910257
5768,1555312909774,1555312910255
5770,1555312909859,1555312910298
5771,1555312909899,1555312910340
5772,1555312909941,1555312910407
5773,1555312909981,1555312910418
5774,1555312910022,1555312910473
5775,1555312910063,1555312910529
5776,1555312910104,1555312910541
5777,1555312910143,1555312910584
5778,1555312910185,1555312910631
5779,1555312910227,1555312910669
5780,1555312910268,1555312910730
5781,1555312910311,1555312910779
5782,1555312910353,1555312910797
5783,1555312910396,1555312910851
5784,1555312910436,1555312910893
5785,1555312910477,1555312910917
5786,1555312910519,1555312910978
5787,1555312910561,1555312911027
5788,1555312910602,1555312911073
5789,1555312910643,1555312911096
5790,1555312910685,1555312911132
5791,1555312910727,1555312911191
5792,1555312910769,1555312911202
5793,1555312910811,1555312911266
5794,1555312910853,1555312911296
5795,1555312910895,1555312911348
5796,1555312910935,1555312911396
5797,1555312910975,1555312911429
5798,1555312911016,1555312911485
5799,1555312911057,1555312911514
5801,1555312911140,1555312911593
5800,1555312911097,1555312911594
5802,1555312911182,1555312911645
5803,1555312911239,1555312911701
5804,1555312911280,1555312911753
5805,1555312911320,1555312911761
5806,1555312911363,1555312911813
5807,1555312911405,1555312911867
5808,1555312911446,1555312911905
5809,1555312911488,1555312911950
5810,1555312911529,1555312912002
5811,1555312911569,1555312912011
5812,1555312911610,1555312912096
5813,1555312911652,1555312912094
5814,1555312911693,1555312912157
5815,1555312911735,1555312912182
5816,1555312911779,1555312912235
5818,1555312911863,1555312912458
5819,1555312911906,1555312912471
5817,1555312911821,1555312912474
5822,1555312912030,1555312912477
5821,1555312911988,1555312912480
5820,1555312911946,1555312912483
5823,1555312912071,1555312912500
5824,1555312912111,1555312912564
5825,1555312912153,1555312912616
5826,1555312912195,1555312912635
5827,1555312912236,1555312912722
5828,1555312912277,1555312912740
5829,1555312912319,1555312912768
5831,1555312912403,1555312912846
5830,1555312912361,1555312912847
5832,1555312912443,1555312912896
5834,1555312912526,1555312912969
5833,1555312912484,1555312912971
5835,1555312912567,1555312913023
5836,1555312912608,1555312913060
5837,1555312912652,1555312913116
5838,1555312912692,1555312913146
5839,1555312912734,1555312913214
5840,1555312912777,1555312913218
5841,1555312912818,1555312913278
5842,1555312912860,1555312913332
5843,1555312912902,1555312913355
5844,1555312912943,1555312913413
5845,1555312912984,1555312913432
5846,1555312913024,1555312913472
5847,1555312913068,1555312913533
5848,1555312913109,1555312913579
5849,1555312913150,1555312913606
5850,1555312913192,1555312913637
5851,1555312913234,1555312913703
5852,1555312913275,1555312913718
5853,1555312913315,1555312913770
5854,1555312913357,1555312913803
5855,1555312913400,1555312913839
5856,1555312913441,1555312913902
5857,1555312913482,1555312913938
5858,1555312913523,1555312913995
5859,1555312913566,1555312914034
5860,1555312913607,1555312914048
5861,1555312913648,1555312914105
5862,1555312913690,1555312914161
5863,1555312913732,1555312914174
5864,1555312913772,1555312914238
5865,1555312913815,1555312914288
5866,1555312913857,1555312914290
5868,1555312913939,1555312914417
5867,1555312913899,1555312914417
5869,1555312913984,1555312914530
5871,1555312914066,1555312914544
5870,1555312914026,1555312914551
5872,1555312914106,1555312914553
5874,1555312914188,1555312914632
5873,1555312914148,1555312914641
5876,1555312914270,1555312914774
5875,1555312914229,1555312914779
5877,1555312914312,1555312914782
5878,1555312914413,1555312914861
5879,1555312914453,1555312914915
5880,1555312914494,1555312914952
5881,1555312914537,1555312914977
5882,1555312914577,1555312915037
5883,1555312914618,1555312915073
5884,1555312914659,1555312915106
5885,1555312914699,1555312915169
5886,1555312914741,1555312915179
5887,1555312914783,1555312915237
5888,1555312914825,1555312915274
5889,1555312914867,1555312915306
5890,1555312914909,1555312915361
5891,1555312914950,1555312915411
5892,1555312914989,1555312915432
5893,1555312915030,1555312915472
5894,1555312915070,1555312915544
5895,1555312915110,1555312915555
5896,1555312915151,1555312915617
5897,1555312915192,1555312915644
5898,1555312915232,1555312915688
5899,1555312915274,1555312915747
5900,1555312915315,1555312915782
5901,1555312915356,1555312915800
5902,1555312915397,1555312915860
5903,1555312915437,1555312915918
5904,1555312915478,1555312915952
5905,1555312915519,1555312915958
5906,1555312915560,1555312916015
5907,1555312915601,1555312916048
5908,1555312915645,1555312916083
5909,1555312915689,1555312916147
5910,1555312915734,1555312916192
5911,1555312915776,1555312916237
5912,1555312915819,1555312916261
5913,1555312915861,1555312916304
5914,1555312915902,1555312916379
5915,1555312915943,1555312916384
5916,1555312915984,1555312916428
5917,1555312916026,1555312916463
5918,1555312916067,1555312916523
5919,1555312916108,1555312916562
5920,1555312916149,1555312916591
5921,1555312916189,1555312916637
5922,1555312916231,1555312916687
5923,1555312916272,1555312916719
5924,1555312916313,1555312916766
5925,1555312916356,1555312916804
5926,1555312916397,1555312916836
5927,1555312916438,1555312916889
5928,1555312916479,1555312916915
5929,1555312916522,1555312917000
5930,1555312916563,1555312917014
5931,1555312916605,1555312917039
5932,1555312916647,1555312917099
5933,1555312916688,1555312917137
5934,1555312916731,1555312917187
5935,1555312916773,1555312917241
5936,1555312916815,1555312917252
5937,1555312916856,1555312917327
5938,1555312916897,1555312917355
5939,1555312916938,1555312917385
5940,1555312916979,1555312917446
5941,1555312917019,1555312917490
5942,1555312917063,1555312917535
5943,1555312917104,1555312917556
5944,1555312917149,1555312917599
5945,1555312917192,1555312917643
5946,1555312917234,1555312917692
5947,1555312917276,1555312917717
5948,1555312917318,1555312917765
5949,1555312917359,1555312917814
5950,1555312917401,1555312917872
5951,1555312917440,1555312917889
5952,1555312917483,1555312917944
5953,1555312917525,1555312917973
5954,1555312917566,1555312918029
5955,1555312917608,1555312918050
5956,1555312917651,1555312918134
5957,1555312917693,1555312918136
5958,1555312917735,1555312918186
5959,1555312917777,1555312918222
5960,1555312917819,1555312918263
5961,1555312917860,1555312918333
5962,1555312917902,1555312918365
5963,1555312917943,1555312918402
5964,1555312917983,1555312918426
5965,1555312918025,1555312918474
5966,1555312918066,1555312918539
5967,1555312918108,1555312918572
5968,1555312918149,1555312918608
5969,1555312918190,1555312918644
5970,1555312918231,1555312918690
5971,1555312918272,1555312918744
5972,1555312918313,1555312918776
5973,1555312918354,1555312918817
5974,1555312918395,1555312918860
5975,1555312918435,1555312918897
5976,1555312918476,1555312918923
5977,1555312918516,1555312918984
5978,1555312918558,1555312918997
5979,1555312918599,1555312919038
5980,1555312918641,1555312919105
5981,1555312918681,1555312919147
5982,1555312918723,1555312919190
5983,1555312918764,1555312919216
5984,1555312918805,1555312919239
5985,1555312918848,1555312919319
5986,1555312918890,1555312919350
5987,1555312918931,1555312919385
5989,1555312919014,1555312919445
5988,1555312918972,1555312919449
5990,1555312919055,1555312919526
5992,1555312919139,1555312919577
5991,1555312919097,1555312919582
5993,1555312919181,1555312919653
5994,1555312919222,1555312919662
5995,1555312919264,1555312919717
5996,1555312919305,1555312919769
5997,1555312919346,1555312919807
5998,1555312919387,1555312919854
5999,1555312919428,1555312919898
6000,1555312919469,1555312919917
6001,1555312919511,1555312919985
6003,1555312919595,1555312920063
6002,1555312919553,1555312920066
6004,1555312919636,1555312920095
6005,1555312919677,1555312920126
6006,1555312919718,1555312920167
6007,1555312919760,1555312920228
6008,1555312919801,1555312920252
6009,1555312919852,1555312920304
6010,1555312919893,1555312920345
6011,1555312919933,1555312920400
6012,1555312919976,1555312920433
6013,1555312920017,1555312920487
6014,1555312920059,1555312920521
6015,1555312920101,1555312920546
6016,1555312920143,1555312920597
6017,1555312920184,1555312920626
6018,1555312920225,1555312920689
6019,1555312920267,1555312920726
6020,1555312920308,1555312920778
6021,1555312920350,1555312920794
6022,1555312920391,1555312920858
6023,1555312920433,1555312920881
6024,1555312920475,1555312920933
6025,1555312920517,1555312920982
6026,1555312920559,1555312921034
6027,1555312920601,1555312921051
6028,1555312920643,1555312921074
6029,1555312920685,1555312921162
6030,1555312920727,1555312921192
6031,1555312920770,1555312921230
6032,1555312920810,1555312921279
6033,1555312920852,1555312921332
6034,1555312920893,1555312921361
6035,1555312920935,1555312921384
6036,1555312920976,1555312921421
6037,1555312921017,1555312921447
6038,1555312921058,1555312921519
6039,1555312921099,1555312921532
6040,1555312921140,1555312921582
6041,1555312921183,1555312921614
6042,1555312921225,1555312921680
6043,1555312921267,1555312921745
6044,1555312921308,1555312921768
6045,1555312921349,1555312921800
6046,1555312921390,1555312921834
6047,1555312921432,1555312921939
6048,1555312921474,1555312921960
6049,1555312921515,1555312921969
6050,1555312921557,1555312922014
6051,1555312921598,1555312922052
6052,1555312921638,1555312922090
6053,1555312921681,1555312922138
6054,1555312921723,1555312922174
6055,1555312921764,1555312922204
6056,1555312921806,1555312922255
6057,1555312921847,1555312922296
6058,1555312921888,1555312922324
6059,1555312921929,1555312922366
6060,1555312921969,1555312922425
6061,1555312922010,1555312922460
6062,1555312922054,1555312922522
6063,1555312922096,1555312922550
6064,1555312922139,1555312922590
6065,1555312922180,1555312922620
6066,1555312922222,1555312922697
6067,1555312922263,1555312922720
6068,1555312922306,1555312922742
6069,1555312922345,1555312922795
6070,1555312922386,1555312922830
6071,1555312922427,1555312922874
6072,1555312922468,1555312922906
6073,1555312922510,1555312922954
6074,1555312922551,1555312923014
6075,1555312922593,1555312923036
6076,1555312922634,1555312923095
6077,1555312922676,1555312923127
6078,1555312922716,1555312923189
6079,1555312922759,1555312923222
6080,1555312922799,1555312923244
6081,1555312922841,1555312923298
6082,1555312922882,1555312923344
6083,1555312922923,1555312923381
6084,1555312922964,1555312923428
6085,1555312923004,1555312923480
6086,1555312923046,1555312923486
6087,1555312923087,1555312923557
6088,1555312923128,1555312923586
6089,1555312923170,1555312923637
6090,1555312923211,1555312923663
6091,1555312923252,1555312923722
6092,1555312923293,1555312923771
6093,1555312923335,1555312923785
6094,1555312923377,1555312923812
6095,1555312923419,1555312923869
6096,1555312923459,1555312923932
6097,1555312923500,1555312923946
6098,1555312923541,1555312924018
6099,1555312923583,1555312924057
6100,1555312923624,1555312924081
6101,1555312923666,1555312924111
6102,1555312923710,1555312924164
6103,1555312923752,1555312924218
6104,1555312923794,1555312924267
6105,1555312923836,1555312924291
6106,1555312923878,1555312924333
6107,1555312923921,1555312924373
6108,1555312923962,1555312924430
6109,1555312924003,1555312924448
6110,1555312924043,1555312924510
6111,1555312924084,1555312924528
6112,1555312924126,1555312924561
6113,1555312924167,1555312924617
6114,1555312924207,1555312924679
6115,1555312924248,1555312924719
6116,1555312924289,1555312924727
6117,1555312924330,1555312924759
6118,1555312924371,1555312924823
6119,1555312924412,1555312924871
6120,1555312924453,1555312924897
6121,1555312924493,1555312924945
6122,1555312924535,1555312925031
6123,1555312924576,1555312925036
6124,1555312924618,1555312925085
6125,1555312924660,1555312925127
6126,1555312924701,1555312925167
6127,1555312924744,1555312925198
6128,1555312924784,1555312925249
6129,1555312924824,1555312925286
6130,1555312924866,1555312925296
6131,1555312924906,1555312925355
6132,1555312924947,1555312925413
6133,1555312924988,1555312925429
6134,1555312925028,1555312925489
6135,1555312925069,1555312925551
6136,1555312925110,1555312925584
6137,1555312925152,1555312925606
6138,1555312925194,1555312925661
6139,1555312925236,1555312925699
6140,1555312925277,1555312925726
6141,1555312925318,1555312925788
6142,1555312925360,1555312925807
6143,1555312925402,1555312925840
6144,1555312925442,1555312925893
6145,1555312925484,1555312925936
6147,1555312925566,1555312926002
6146,1555312925525,1555312926003
6148,1555312925607,1555312926076
6149,1555312925649,1555312926083
6150,1555312925690,1555312926152
6151,1555312925732,1555312926194
6152,1555312925773,1555312926230
6153,1555312925814,1555312926257
6154,1555312925856,1555312926306
6155,1555312925897,1555312926356
6156,1555312925939,1555312926400
6157,1555312925979,1555312926421
6158,1555312926020,1555312926491
6159,1555312926062,1555312926510
6160,1555312926103,1555312926561
6161,1555312926144,1555312926602
6162,1555312926185,1555312926617
6163,1555312926226,1555312926666
6164,1555312926266,1555312926728
6165,1555312926306,1555312926758
6166,1555312926348,1555312926809
6167,1555312926390,1555312926858
6168,1555312926430,1555312926881
6169,1555312926470,1555312926905
6170,1555312926511,1555312926957
6171,1555312926551,1555312927018
6172,1555312926593,1555312927041
6173,1555312926635,1555312927083
6174,1555312926675,1555312927113
6175,1555312926717,1555312927166
6176,1555312926759,1555312927209
6177,1555312926801,1555312927465
6179,1555312926884,1555312927515
6183,1555312927049,1555312927539
6180,1555312926927,1555312927541
6184,1555312927090,1555312927567
6182,1555312927008,1555312927573
6185,1555312927132,1555312927574
6178,1555312926843,1555312927580
6181,1555312926968,1555312927581
6186,1555312927172,1555312927636
6187,1555312927213,1555312927666
6188,1555312927256,1555312927706
6189,1555312927298,1555312927758
6190,1555312927339,1555312927789
6191,1555312927381,1555312927839
6192,1555312927422,1555312927867
6193,1555312927464,1555312927910
6194,1555312927504,1555312927966
6195,1555312927546,1555312928005
6196,1555312927588,1555312928057
6197,1555312927629,1555312928094
6198,1555312927670,1555312928107
6199,1555312927711,1555312928163
6200,1555312927752,1555312928206
6201,1555312927794,1555312928233
6202,1555312927836,1555312928284
6203,1555312927877,1555312928330
6204,1555312927920,1555312928366
6205,1555312927960,1555312928413
6206,1555312928001,1555312928453
6207,1555312928043,1555312928484
6208,1555312928085,1555312928549
6209,1555312928126,1555312928575
6210,1555312928168,1555312928617
6211,1555312928210,1555312928658
6212,1555312928261,1555312928691
6213,1555312928302,1555312928757
6214,1555312928344,1555312928800
6215,1555312928385,1555312928860
6216,1555312928427,1555312928876
6217,1555312928468,1555312928921
6218,1555312928510,1555312928953
6219,1555312928551,1555312929022
6220,1555312928593,1555312929059
6221,1555312928633,1555312929084
6222,1555312928674,1555312929115
6223,1555312928716,1555312929188
6224,1555312928758,1555312929222
6225,1555312928801,1555312929261
6226,1555312928844,1555312929315
6227,1555312928886,1555312929346
6228,1555312928928,1555312929364
6229,1555312928967,1555312929496
6230,1555312929008,1555312929497
6231,1555312929050,1555312929610
6233,1555312929133,1555312929621
6232,1555312929092,1555312929633
6234,1555312929174,1555312929707
6235,1555312929216,1555312929711
6236,1555312929258,1555312929733
6239,1555312929381,1555312929849
6238,1555312929341,1555312929850
6237,1555312929299,1555312929860
6241,1555312929520,1555312929956
6240,1555312929479,1555312929958
6242,1555312929561,1555312930029
6243,1555312929604,1555312930046
6244,1555312929644,1555312930115
6246,1555312929730,1555312930227
6247,1555312929771,1555312930233
6248,1555312929812,1555312930290
6249,1555312929854,1555312930321
4699,1555312865158,1555312930389
6250,1555312929899,1555312930392
6251,1555312929940,1555312930406
6252,1555312929981,1555312930444
6253,1555312930023,1555312930466
6254,1555312930064,1555312930551
6255,1555312930104,1555312930574
6256,1555312930146,1555312930621
6257,1555312930187,1555312930637
6259,1555312930271,1555312930699
6258,1555312930228,1555312930720
6260,1555312930312,1555312930761
6261,1555312930353,1555312930828
6262,1555312930394,1555312930842
6263,1555312930434,1555312930871
6264,1555312930475,1555312930921
6265,1555312930516,1555312930975
6266,1555312930558,1555312931005
6267,1555312930599,1555312931057
6268,1555312930640,1555312931108
6269,1555312930681,1555312931128
6270,1555312930722,1555312931165
6271,1555312930762,1555312931195
6272,1555312930803,1555312931254
6273,1555312930843,1555312931294
6274,1555312930885,1555312931328
6275,1555312930927,1555312931371
6276,1555312930967,1555312931439
6277,1555312931008,1555312931482
6278,1555312931053,1555312931495
6279,1555312931094,1555312931536
6280,1555312931134,1555312931603
6281,1555312931176,1555312931617
6282,1555312931217,1555312931667
6283,1555312931259,1555312931691
6284,1555312931300,1555312931766
6285,1555312931342,1555312931816
6286,1555312931383,1555312931863
6287,1555312931426,1555312931873
6288,1555312931467,1555312931929
6289,1555312931508,1555312931965
6290,1555312931550,1555312932006
6291,1555312931591,1555312932027
6292,1555312931632,1555312932098
6293,1555312931673,1555312932126
6294,1555312931714,1555312932161
6295,1555312931756,1555312932198
6296,1555312931797,1555312932275
6297,1555312931839,1555312932295
6298,1555312931881,1555312932315
6299,1555312931923,1555312932359
6300,1555312931964,1555312932415
6301,1555312932007,1555312932477
6302,1555312932048,1555312932514
6303,1555312932088,1555312932529
6304,1555312932129,1555312932569
6305,1555312932171,1555312932630
6306,1555312932213,1555312932668
6308,1555312932296,1555312932739
6307,1555312932255,1555312932753
6309,1555312932338,1555312932790
6310,1555312932379,1555312932830
6311,1555312932420,1555312932869
6312,1555312932460,1555312932915
6313,1555312932501,1555312932965
6314,1555312932541,1555312932983
6315,1555312932581,1555312933063
6316,1555312932623,1555312933090
6317,1555312932664,1555312933145
6318,1555312932705,1555312933193
6319,1555312932747,1555312933207
6320,1555312932791,1555312933237
6321,1555312932831,1555312933284
6322,1555312932873,1555312933341
6323,1555312932916,1555312933364
6324,1555312932957,1555312933411
6325,1555312932998,1555312933445
6326,1555312933040,1555312933486
6327,1555312933081,1555312933519
6328,1555312933123,1555312933579
6329,1555312933164,1555312933650
6330,1555312933208,1555312933665
6331,1555312933250,1555312933694
6332,1555312933291,1555312933734
6333,1555312933332,1555312933790
6334,1555312933372,1555312933815
6335,1555312933413,1555312933858
6336,1555312933454,1555312933913
6337,1555312933495,1555312933958
6338,1555312933536,1555312933991
6339,1555312933582,1555312934040
6340,1555312933625,1555312934076
6341,1555312933669,1555312934111
6342,1555312933710,1555312934172
6343,1555312933752,1555312934215
6344,1555312933793,1555312934267
6345,1555312933834,1555312934282
6346,1555312933883,1555312934338
6347,1555312933924,1555312934379
6348,1555312933965,1555312934418
6349,1555312934007,1555312934467
6350,1555312934049,1555312934504
6351,1555312934091,1555312934544
6352,1555312934134,1555312934585
6353,1555312934176,1555312934626
6354,1555312934217,1555312934667
6355,1555312934259,1555312934732
6356,1555312934300,1555312934770
6357,1555312934342,1555312934807
6358,1555312934382,1555312934862
6359,1555312934423,1555312934897
6360,1555312934465,1555312934927
6361,1555312934506,1555312934950
6362,1555312934547,1555312935015
6363,1555312934588,1555312935050
6364,1555312934629,1555312935093
6365,1555312934670,1555312935124
6366,1555312934712,1555312935174
6367,1555312934754,1555312935213
6368,1555312934796,1555312935245
6369,1555312934838,1555312935301
6370,1555312934880,1555312935330
6371,1555312934922,1555312935377
6372,1555312934963,1555312935422
6373,1555312935004,1555312935520
6374,1555312935045,1555312935522
6375,1555312935086,1555312935562
6376,1555312935128,1555312935622
6377,1555312935170,1555312935633
6378,1555312935214,1555312935669
6379,1555312935256,1555312935743
6380,1555312935298,1555312935770
6381,1555312935340,1555312935798
6382,1555312935381,1555312935830
6383,1555312935423,1555312935879
6384,1555312935463,1555312935904
6385,1555312935504,1555312935969
6386,1555312935546,1555312935996
6387,1555312935588,1555312936050
6388,1555312935630,1555312936072
6389,1555312935672,1555312936146
6390,1555312935714,1555312936156
6391,1555312935755,1555312936197
6392,1555312935796,1555312936264
6393,1555312935837,1555312936283
6394,1555312935880,1555312936334
6395,1555312935922,1555312936363
6396,1555312935963,1555312936411
6397,1555312936003,1555312936444
6398,1555312936045,1555312936488
6399,1555312936087,1555312936528
6400,1555312936129,1555312936602
6401,1555312936170,1555312936627
6402,1555312936212,1555312936677
6403,1555312936253,1555312936731
6404,1555312936294,1555312936772
6405,1555312936335,1555312936786
6406,1555312936377,1555312936847
6407,1555312936418,1555312936882
6408,1555312936459,1555312936910
6409,1555312936500,1555312936965
6410,1555312936542,1555312937006
6411,1555312936584,1555312937038
6412,1555312936628,1555312937079
6413,1555312936669,1555312937141
6414,1555312936711,1555312937177
6415,1555312936753,1555312937212
6416,1555312936795,1555312937248
6417,1555312936836,1555312937312
6418,1555312936877,1555312937326
6419,1555312936918,1555312937367
6420,1555312936960,1555312937413
6421,1555312937000,1555312937436
6422,1555312937041,1555312937504
6423,1555312937083,1555312937539
6424,1555312937125,1555312937584
6425,1555312937167,1555312937620
6426,1555312937208,1555312937651
6427,1555312937253,1555312937717
6428,1555312937293,1555312937733
6429,1555312937334,1555312937785
6430,1555312937376,1555312937834
6431,1555312937418,1555312937866
6432,1555312937460,1555312937920
6433,1555312937501,1555312937948
6434,1555312937541,1555312937988
6435,1555312937585,1555312938033
6436,1555312937626,1555312938091
6437,1555312937667,1555312938117
6438,1555312937708,1555312938178
6439,1555312937750,1555312938187
6440,1555312937792,1555312938251
6441,1555312937835,1555312938293
6442,1555312937877,1555312938338
6443,1555312937918,1555312938379
6445,1555312937999,1555312938442
6444,1555312937958,1555312938443
6446,1555312938040,1555312938491
6447,1555312938081,1555312938545
6448,1555312938122,1555312938574
6449,1555312938164,1555312938647
6450,1555312938207,1555312938657
6451,1555312938248,1555312938715
6452,1555312938290,1555312938767
6453,1555312938332,1555312938787
6454,1555312938373,1555312938823
6455,1555312938415,1555312938880
6456,1555312938456,1555312938908
6457,1555312938497,1555312938935
6458,1555312938539,1555312939004
6460,1555312938621,1555312939060
6459,1555312938580,1555312939063
6461,1555312938662,1555312939124
6462,1555312938704,1555312939166
6463,1555312938746,1555312939185
6464,1555312938788,1555312939276
6465,1555312938830,1555312939279
6466,1555312938872,1555312939334
6467,1555312938913,1555312939395
6468,1555312938955,1555312939406
6469,1555312938995,1555312939429
6470,1555312939036,1555312939501
6471,1555312939078,1555312939532
6472,1555312939121,1555312939619
6473,1555312939162,1555312939624
6474,1555312939204,1555312939650
6475,1555312939245,1555312939697
6476,1555312939286,1555312939752
6477,1555312939328,1555312939791
6478,1555312939370,1555312939834
6479,1555312939411,1555312939912
6480,1555312939452,1555312939926
6481,1555312939493,1555312939949
6482,1555312939534,1555312940005
6483,1555312939578,1555312940007
6484,1555312939620,1555312940080
6485,1555312939663,1555312940102
6486,1555312939704,1555312940159
6487,1555312939745,1555312940205
6488,1555312939787,1555312940235
6489,1555312939828,1555312940272
6490,1555312939868,1555312940318
6491,1555312939909,1555312940376
6492,1555312939950,1555312940406
6493,1555312939990,1555312940427
6494,1555312940030,1555312940490
6495,1555312940073,1555312940531
6496,1555312940115,1555312940605
6497,1555312940156,1555312940612
6498,1555312940198,1555312940654
6499,1555312940240,1555312940697
6500,1555312940281,1555312940730
6501,1555312940323,1555312940778
6502,1555312940365,1555312940801
6503,1555312940407,1555312940872
6504,1555312940450,1555312940890
6505,1555312940491,1555312940960
6506,1555312940532,1555312940981
6507,1555312940574,1555312941049
6508,1555312940616,1555312941078
6509,1555312940659,1555312941115
6510,1555312940701,1555312941145
6511,1555312940744,1555312941185
6512,1555312940785,1555312941228
6513,1555312940826,1555312941270
6514,1555312940866,1555312941304
6515,1555312940906,1555312941354
6516,1555312940947,1555312941380
6517,1555312940987,1555312941460
6519,1555312941069,1555312941501
6518,1555312941029,1555312941503
6520,1555312941112,1555312941552
6521,1555312941154,1555312941621
6522,1555312941195,1555312941639
6523,1555312941237,1555312941702
6524,1555312941279,1555312941745
6525,1555312941320,1555312941761
6526,1555312941362,1555312941822
6527,1555312941403,1555312941869
6528,1555312941445,1555312941920
6529,1555312941485,1555312941940
6530,1555312941525,1555312941988
6531,1555312941568,1555312942015
6532,1555312941609,1555312942051
6533,1555312941651,1555312942100
6534,1555312941693,1555312942147
6535,1555312941734,1555312942213
6536,1555312941776,1555312942250
6537,1555312941818,1555312942522
6538,1555312941860,1555312942539
6541,1555312941983,1555312942548
6540,1555312941942,1555312942550
6542,1555312942024,1555312942551
6539,1555312941900,1555312942553
6543,1555312942065,1555312942563
6544,1555312942107,1555312942575
6545,1555312942148,1555312942606
6546,1555312942190,1555312942655
6547,1555312942230,1555312942693
6548,1555312942271,1555312942735
6549,1555312942315,1555312942774
6550,1555312942357,1555312942820
6551,1555312942399,1555312942862
6552,1555312942440,1555312942887
6553,1555312942482,1555312942920
6554,1555312942523,1555312942973
6555,1555312942565,1555312943010
6556,1555312942606,1555312943061
6557,1555312942646,1555312943094
6558,1555312942687,1555312943141
6559,1555312942729,1555312943168
6560,1555312942771,1555312943228
6561,1555312942813,1555312943287
6562,1555312942854,1555312943291
6563,1555312942897,1555312943361
6564,1555312942939,1555312943393
6565,1555312942979,1555312943431
6566,1555312943020,1555312943474
6567,1555312943062,1555312943504
6568,1555312943103,1555312943552
6569,1555312943144,1555312943599
6570,1555312943186,1555312943624
6571,1555312943227,1555312943662
6572,1555312943268,1555312943753
6573,1555312943309,1555312943751
6574,1555312943351,1555312943811
6575,1555312943394,1555312943856
6576,1555312943436,1555312943897
6577,1555312943477,1555312943935
6578,1555312943518,1555312943967
6579,1555312943558,1555312944004
6580,1555312943599,1555312944050
6581,1555312943640,1555312944081
6582,1555312943681,1555312944137
6583,1555312943722,1555312944172
6584,1555312943764,1555312944217
6585,1555312943805,1555312944269
6586,1555312943847,1555312944294
6587,1555312943888,1555312944334
6588,1555312943929,1555312944373
6589,1555312943971,1555312944405
6590,1555312944012,1555312944528
6591,1555312944053,1555312944533
6592,1555312944093,1555312944546
6593,1555312944135,1555312944639
6594,1555312944176,1555312944644
6596,1555312944260,1555312944740
6595,1555312944219,1555312944751
6597,1555312944300,1555312944754
6598,1555312944341,1555312944867
6599,1555312944383,1555312944877
6600,1555312944424,1555312944880
6601,1555312944519,1555312944976
6602,1555312944560,1555312945006
6603,1555312944600,1555312945048
6604,1555312944641,1555312945089
6605,1555312944681,1555312945139
6606,1555312944722,1555312945169
6607,1555312944764,1555312945213
6608,1555312944805,1555312945253
6609,1555312944846,1555312945296
6610,1555312944889,1555312945350
6611,1555312944931,1555312945394
6613,1555312945012,1555312945478
6612,1555312944971,1555312945484
6614,1555312945053,1555312945521
6615,1555312945094,1555312945549
6616,1555312945135,1555312945595
6617,1555312945174,1555312945617
6618,1555312945214,1555312945679
6619,1555312945254,1555312945734
6620,1555312945295,1555312945750
6621,1555312945336,1555312945824
6622,1555312945379,1555312945842
6623,1555312945420,1555312945869
6624,1555312945460,1555312945912
6625,1555312945501,1555312945961
6626,1555312945542,1555312946002
6627,1555312945584,1555312946032
6628,1555312945627,1555312946073
6629,1555312945668,1555312946127
6630,1555312945709,1555312946164
6631,1555312945750,1555312946203
6632,1555312945792,1555312946230
6633,1555312945834,1555312946284
6634,1555312945876,1555312946315
6635,1555312945921,1555312946381
6636,1555312945962,1555312946414
6637,1555312946003,1555312946442
6638,1555312946043,1555312946494
6639,1555312946084,1555312946534
6641,1555312946164,1555312946607
6640,1555312946124,1555312946616
6642,1555312946206,1555312946666
6643,1555312946248,1555312946691
6644,1555312946289,1555312946738
6645,1555312946331,1555312946815
6646,1555312946373,1555312946838
6647,1555312946415,1555312946867
6648,1555312946457,1555312946933
6649,1555312946498,1555312946945
6650,1555312946539,1555312946984
6651,1555312946582,1555312947020
6652,1555312946624,1555312947056
6653,1555312946666,1555312947111
6654,1555312946709,1555312947174
6655,1555312946750,1555312947183
6656,1555312946793,1555312947248
6657,1555312946835,1555312947294
6658,1555312946876,1555312947305
6659,1555312946917,1555312947372
6660,1555312946959,1555312947438
6661,1555312947000,1555312947489
6662,1555312947041,1555312947501
6663,1555312947080,1555312947522
6664,1555312947122,1555312947562
6665,1555312947164,1555312947634
6666,1555312947204,1555312947648
6667,1555312947245,1555312947677
6668,1555312947287,1555312947748
6669,1555312947329,1555312947793
6670,1555312947370,1555312947833
6671,1555312947411,1555312947858
6672,1555312947454,1555312947885
6673,1555312947495,1555312947955
6674,1555312947536,1555312947998
6675,1555312947577,1555312948042
6676,1555312947619,1555312948072
6677,1555312947661,1555312948110
6678,1555312947702,1555312948168
6679,1555312947744,1555312948192
6680,1555312947786,1555312948228
6681,1555312947828,1555312948286
6682,1555312947870,1555312948323
6683,1555312947912,1555312948380
6684,1555312947954,1555312948416
6685,1555312947995,1555312948453
6686,1555312948036,1555312948488
6687,1555312948076,1555312948519
6688,1555312948118,1555312948591
6689,1555312948164,1555312948618
6690,1555312948206,1555312948686
6691,1555312948247,1555312948734
6692,1555312948287,1555312948751
6693,1555312948329,1555312948777
6694,1555312948371,1555312948814
6695,1555312948412,1555312948896
6696,1555312948453,1555312948916
6697,1555312948497,1555312948955
6698,1555312948538,1555312948978
6699,1555312948581,1555312949044
6700,1555312948622,1555312949061
6701,1555312948664,1555312949126
6702,1555312948704,1555312949166
6703,1555312948746,1555312949192
6704,1555312948788,1555312949249
6705,1555312948829,1555312949270
6706,1555312948869,1555312949347
6707,1555312948910,1555312949365
6708,1555312948951,1555312949413
6709,1555312948992,1555312949444
6710,1555312949034,1555312949491
6711,1555312949076,1555312949517
6712,1555312949117,1555312949577
6713,1555312949159,1555312949613
6714,1555312949201,1555312949678
6715,1555312949243,1555312949693
6716,1555312949284,1555312949729
6717,1555312949325,1555312949780
6718,1555312949366,1555312949799
6719,1555312949408,1555312949850
6720,1555312949449,1555312949901
6721,1555312949490,1555312949932
6722,1555312949531,1555312949975
6723,1555312949573,1555312950009
6724,1555312949614,1555312950071
6725,1555312949657,1555312950099
6726,1555312949699,1555312950161
6727,1555312949740,1555312950203
6728,1555312949781,1555312950223
6729,1555312949823,1555312950303
6730,1555312949864,1555312950322
6731,1555312949905,1555312950356
6732,1555312949946,1555312950390
6733,1555312949986,1555312950439
6734,1555312950027,1555312950463
6735,1555312950068,1555312950526
6736,1555312950109,1555312950579
6737,1555312950151,1555312950636
6738,1555312950193,1555312950648
6739,1555312950234,1555312950669
6740,1555312950275,1555312950733
6741,1555312950317,1555312950782
6742,1555312950357,1555312950813
6743,1555312950399,1555312950875
6744,1555312950439,1555312950907
6745,1555312950481,1555312950944
6746,1555312950521,1555312950990
6747,1555312950561,1555312951010
6748,1555312950603,1555312951035
6749,1555312950645,1555312951096
6750,1555312950687,1555312951155
6751,1555312950728,1555312951186
6752,1555312950768,1555312951215
6753,1555312950810,1555312951257
6754,1555312950851,1555312951321
6755,1555312950892,1555312951344
6756,1555312950933,1555312951389
6757,1555312950974,1555312951416
6758,1555312951015,1555312951481
6759,1555312951055,1555312951515
6760,1555312951096,1555312951547
6761,1555312951137,1555312951603
6762,1555312951178,1555312951640
6763,1555312951219,1555312951672
6764,1555312951261,1555312951723
6765,1555312951303,1555312951767
6766,1555312951346,1555312951798
6767,1555312951390,1555312951835
6768,1555312951431,1555312951889
6769,1555312951472,1555312951922
6770,1555312951512,1555312951965
6771,1555312951552,1555312952016
6772,1555312951593,1555312952026
6773,1555312951635,1555312952087
6774,1555312951677,1555312952115
6775,1555312951719,1555312952160
6776,1555312951761,1555312952220
6777,1555312951801,1555312952276
6778,1555312951843,1555312952299
6779,1555312951885,1555312952344
6780,1555312951927,1555312952374
6781,1555312951970,1555312952430
6782,1555312952011,1555312952446
6783,1555312952051,1555312952502
6784,1555312952091,1555312952550
6785,1555312952134,1555312952579
6786,1555312952176,1555312952632
6787,1555312952217,1555312952677
6788,1555312952259,1555312952713
6789,1555312952299,1555312952758
6790,1555312952341,1555312952806
6791,1555312952383,1555312952818
6792,1555312952424,1555312952871
6793,1555312952465,1555312952936
6794,1555312952506,1555312952956
6795,1555312952547,1555312953014
6796,1555312952589,1555312953049
6797,1555312952630,1555312953075
6798,1555312952672,1555312953125
6799,1555312952714,1555312953162
6800,1555312952754,1555312953203
6801,1555312952796,1555312953247
6802,1555312952838,1555312953282
6803,1555312952879,1555312953369
6804,1555312952920,1555312953378
6805,1555312952961,1555312953416
6806,1555312953002,1555312953476
6807,1555312953042,1555312953518
6808,1555312953083,1555312953556
6809,1555312953124,1555312953563
6810,1555312953164,1555312953635
6811,1555312953204,1555312953654
6812,1555312953248,1555312953694
6813,1555312953289,1555312953751
6814,1555312953330,1555312953784
6815,1555312953372,1555312953811
6816,1555312953413,1555312953864
6817,1555312953455,1555312953930
6818,1555312953495,1555312953940
6819,1555312953537,1555312953986
6820,1555312953579,1555312954042
6821,1555312953621,1555312954066
6822,1555312953663,1555312954104
6823,1555312953705,1555312954166
6824,1555312953747,1555312954195
6825,1555312953789,1555312954256
6826,1555312953831,1555312954283
6827,1555312953872,1555312954329
6828,1555312953914,1555312954357
6829,1555312953955,1555312954409
6830,1555312953996,1555312954442
6831,1555312954038,1555312954509
6832,1555312954080,1555312954538
6833,1555312954121,1555312954563
6834,1555312954163,1555312954622
6835,1555312954204,1555312954670
6836,1555312954246,1555312954680
6837,1555312954286,1555312954737
6838,1555312954328,1555312954787
6839,1555312954369,1555312954825
6840,1555312954410,1555312954884
6841,1555312954453,1555312954919
6842,1555312954494,1555312954929
6843,1555312954534,1555312954992
6844,1555312954575,1555312955021
6845,1555312954618,1555312955093
6846,1555312954660,1555312955107
6847,1555312954701,1555312955139
6848,1555312954742,1555312955186
6849,1555312954784,1555312955216
6850,1555312954825,1555312955271
6851,1555312954866,1555312955314
6852,1555312954909,1555312955375
6853,1555312954951,1555312955387
6854,1555312954994,1555312955442
6855,1555312955037,1555312955484
6856,1555312955078,1555312955537
6857,1555312955119,1555312955586
6858,1555312955160,1555312955607
6859,1555312955202,1555312955652
6860,1555312955243,1555312955705
6861,1555312955286,1555312955740
6862,1555312955328,1555312955788
6863,1555312955370,1555312955831
6864,1555312955412,1555312955885
6865,1555312955453,1555312955924
6866,1555312955494,1555312955939
6867,1555312955535,1555312955991
6868,1555312955575,1555312956031
6869,1555312955617,1555312956072
6870,1555312955658,1555312956142
6871,1555312955701,1555312956169
6872,1555312955743,1555312956191
6873,1555312955785,1555312956237
6874,1555312955828,1555312956296
6875,1555312955869,1555312956317
6876,1555312955911,1555312956372
6877,1555312955953,1555312956412
6878,1555312955993,1555312956426
6879,1555312956034,1555312956498
6880,1555312956075,1555312956542
6881,1555312956116,1555312956563
6882,1555312956157,1555312956647
6883,1555312956197,1555312956671
6884,1555312956239,1555312956680
6885,1555312956282,1555312956766
6886,1555312956322,1555312956784
6887,1555312956364,1555312956851
6888,1555312956405,1555312956872
6889,1555312956447,1555312956903
6890,1555312956488,1555312956925
6891,1555312956528,1555312956979
6892,1555312956569,1555312957036
6893,1555312956611,1555312957053
6894,1555312956652,1555312957086
6895,1555312956695,1555312957155
6896,1555312956737,1555312957193
6897,1555312956779,1555312957232
6898,1555312956822,1555312957500
6900,1555312956904,1555312957524
6903,1555312957028,1555312957525
6899,1555312956864,1555312957530
6904,1555312957069,1555312957534
6902,1555312956988,1555312957554
6901,1555312956946,1555312957561
6905,1555312957110,1555312957563
6906,1555312957152,1555312957612
6907,1555312957193,1555312957647
6908,1555312957234,1555312957678
6909,1555312957274,1555312957723
6910,1555312957315,1555312957767
6911,1555312957356,1555312957795
6912,1555312957398,1555312957855
6913,1555312957440,1555312957902
6914,1555312957483,1555312957928
6915,1555312957524,1555312957970
6916,1555312957564,1555312958018
6917,1555312957607,1555312958052
6918,1555312957650,1555312958129
6920,1555312957733,1555312958169
6919,1555312957692,1555312958171
6921,1555312957774,1555312958258
6922,1555312957815,1555312958285
6923,1555312957856,1555312958329
6924,1555312957898,1555312958385
6925,1555312957939,1555312958396
6926,1555312957982,1555312958418
6927,1555312958021,1555312958474
6928,1555312958062,1555312958520
6929,1555312958105,1555312958571
6930,1555312958149,1555312958622
6931,1555312958191,1555312958647
6932,1555312958232,1555312958708
6933,1555312958273,1555312958734
6934,1555312958316,1555312958770
6935,1555312958357,1555312958806
6936,1555312958398,1555312958851
6937,1555312958439,1555312958891
6938,1555312958481,1555312958955
6939,1555312958522,1555312959004
6940,1555312958563,1555312959027
6941,1555312958605,1555312959097
6942,1555312958648,1555312959111
6943,1555312958689,1555312959147
6944,1555312958731,1555312959210
6945,1555312958771,1555312959219
6946,1555312958812,1555312959249
6947,1555312958852,1555312959326
6948,1555312958895,1555312959426
6949,1555312958936,1555312959429
6950,1555312958977,1555312959429
6951,1555312959018,1555312959540
6953,1555312959101,1555312959550
6952,1555312959059,1555312959551
6954,1555312959144,1555312959654
6955,1555312959186,1555312959668
6958,1555312959310,1555312959765
6956,1555312959228,1555312959781
6957,1555312959270,1555312959790
6959,1555312959425,1555312959882
6960,1555312959465,1555312959909
6961,1555312959506,1555312959966
6962,1555312959547,1555312960008
6963,1555312959587,1555312960068
6964,1555312959628,1555312960091
6965,1555312959669,1555312960118
6966,1555312959711,1555312960157
6967,1555312959755,1555312960230
6968,1555312959796,1555312960241
6969,1555312959837,1555312960312
6970,1555312959878,1555312960332
6971,1555312959920,1555312960357
6972,1555312959961,1555312960450
6973,1555312960004,1555312960472
6974,1555312960044,1555312960500
6975,1555312960085,1555312960561
6976,1555312960126,1555312960590
6977,1555312960166,1555312960617
6978,1555312960207,1555312960667
6979,1555312960248,1555312960717
6980,1555312960289,1555312960770
6982,1555312960375,1555312960831
6981,1555312960333,1555312960843
6983,1555312960418,1555312960920
6984,1555312960459,1555312960943
6985,1555312960502,1555312960961
6986,1555312960544,1555312960986
6987,1555312960585,1555312961028
6988,1555312960627,1555312961088
6989,1555312960669,1555312961138
6990,1555312960713,1555312961169
6991,1555312960755,1555312961209
6992,1555312960798,1555312961259
6993,1555312960840,1555312961291
6994,1555312960881,1555312961339
6995,1555312960923,1555312961386
6996,1555312960964,1555312961441
6997,1555312961006,1555312961451
6998,1555312961048,1555312961520
6999,1555312961088,1555312961558
7000,1555312961129,1555312961584
6245,1555312929686,1555312961624
7001,1555312961171,1555312961634
7002,1555312961213,1555312961687
7003,1555312961255,1555312961740
7004,1555312961298,1555312961770
7005,1555312961340,1555312961805
7006,1555312961383,1555312961873
7007,1555312961424,1555312961892
7008,1555312961466,1555312961912
7009,1555312961507,1555312961980
7010,1555312961547,1555312962002
7011,1555312961588,1555312962030
7012,1555312961629,1555312962081
7013,1555312961671,1555312962123
7014,1555312961712,1555312962176
7015,1555312961753,1555312962214
7016,1555312961795,1555312962260
7017,1555312961836,1555312962291
7018,1555312961877,1555312962334
7019,1555312961919,1555312962385
7020,1555312961961,1555312962430
7021,1555312962003,1555312962441
7022,1555312962043,1555312962485
7023,1555312962084,1555312962535
7024,1555312962126,1555312962594
7025,1555312962168,1555312962625
7026,1555312962209,1555312962662
7027,1555312962250,1555312962702
7028,1555312962292,1555312962737
7029,1555312962335,1555312962784
7030,1555312962376,1555312962863
7031,1555312962418,1555312962879
7032,1555312962460,1555312962910
7033,1555312962500,1555312962935
7034,1555312962542,1555312962983
7035,1555312962583,1555312963051
7036,1555312962626,1555312963090
7037,1555312962668,1555312963113
7038,1555312962710,1555312963146
7039,1555312962751,1555312963218
7040,1555312962791,1555312963239
7041,1555312962832,1555312963281
7042,1555312962873,1555312963343
7043,1555312962915,1555312963367
7044,1555312962957,1555312963451
7045,1555312962997,1555312963463
7046,1555312963038,1555312963503
7047,1555312963078,1555312963551
7048,1555312963119,1555312963602
7049,1555312963161,1555312963607
7050,1555312963221,1555312963677
7051,1555312963263,1555312963716
7052,1555312963305,1555312963784
7053,1555312963347,1555312963787
7054,1555312963388,1555312963848
7055,1555312963429,1555312963880
7056,1555312963471,1555312963926
7057,1555312963512,1555312963964
7058,1555312963553,1555312964029
7059,1555312963595,1555312964076
7061,1555312963678,1555312964116
7060,1555312963637,1555312964120
7062,1555312963720,1555312964200
7063,1555312963762,1555312964213
7064,1555312963804,1555312964256
7065,1555312963845,1555312964322
7066,1555312963888,1555312964344
7067,1555312963929,1555312964413
7068,1555312963969,1555312964442
7069,1555312964009,1555312964472
7070,1555312964050,1555312964503
7071,1555312964092,1555312964550
7072,1555312964135,1555312964573
7073,1555312964177,1555312964611
7074,1555312964219,1555312964666
7075,1555312964261,1555312964727
7076,1555312964303,1555312964743
7077,1555312964345,1555312964807
7078,1555312964387,1555312964850
7079,1555312964428,1555312964901
7080,1555312964470,1555312964939
7081,1555312964511,1555312964951
7082,1555312964552,1555312965008
7083,1555312964593,1555312965041
7084,1555312964635,1555312965085
7085,1555312964675,1555312965123
7086,1555312964716,1555312965167
7087,1555312964756,1555312965232
7088,1555312964798,1555312965266
7089,1555312964842,1555312965320
7090,1555312964884,1555312965333
7091,1555312964926,1555312965368
7092,1555312964968,1555312965429
7093,1555312965009,1555312965458
7094,1555312965049,1555312965487
7095,1555312965089,1555312965548
7096,1555312965132,1555312965571
7097,1555312965174,1555312965614
7098,1555312965215,1555312965678
7099,1555312965257,1555312965688
7100,1555312965299,1555312965733
7101,1555312965341,1555312965794
7102,1555312965382,1555312965827
7103,1555312965424,1555312965878
7104,1555312965466,1555312965913
7105,1555312965507,1555312965971
7106,1555312965547,1555312966001
7107,1555312965587,1555312966047
7108,1555312965629,1555312966085
7109,1555312965671,1555312966122
7110,1555312965713,1555312966164
7111,1555312965754,1555312966199
7112,1555312965794,1555312966231
7113,1555312965835,1555312966294
7114,1555312965876,1555312966321
7115,1555312965916,1555312966366
7116,1555312965957,1555312966434
7117,1555312965997,1555312966437
7118,1555312966038,1555312966510
7119,1555312966077,1555312966512
7121,1555312966159,1555312966612
7120,1555312966118,1555312966619
7122,1555312966200,1555312966672
7123,1555312966242,1555312966717
7124,1555312966284,1555312966750
7125,1555312966325,1555312966780
7127,1555312966410,1555312966850
7126,1555312966368,1555312966858
7128,1555312966451,1555312966908
7129,1555312966491,1555312966929
7130,1555312966531,1555312966968
7131,1555312966572,1555312967025
7132,1555312966613,1555312967094
7133,1555312966655,1555312967096
7134,1555312966696,1555312967153
7135,1555312966738,1555312967208
7136,1555312966781,1555312967251
7137,1555312966823,1555312967275
7138,1555312966864,1555312967312
7139,1555312966905,1555312967344
7140,1555312966947,1555312967408
7141,1555312966988,1555312967439
7142,1555312967027,1555312967481
7143,1555312967067,1555312967534
7144,1555312967110,1555312967566
7145,1555312967152,1555312967603
7146,1555312967192,1555312967634
7147,1555312967233,1555312967658
7149,1555312967313,1555312967746
7148,1555312967274,1555312967750
7150,1555312967354,1555312967803
7151,1555312967395,1555312967852
7152,1555312967437,1555312967892
7153,1555312967479,1555312967949
7154,1555312967520,1555312967982
7155,1555312967559,1555312968019
7156,1555312967600,1555312968093
7157,1555312967643,1555312968111
7158,1555312967685,1555312968158
7159,1555312967725,1555312968188
7160,1555312967767,1555312968219
7161,1555312967809,1555312968268
7162,1555312967851,1555312968300
7163,1555312967891,1555312968338
7164,1555312967931,1555312968410
7165,1555312967973,1555312968444
7166,1555312968014,1555312968485
7167,1555312968055,1555312968509
7168,1555312968097,1555312968530
7169,1555312968139,1555312968605
7170,1555312968181,1555312968649
7171,1555312968221,1555312968683
7172,1555312968263,1555312968708
7173,1555312968306,1555312968755
7174,1555312968349,1555312968791
7175,1555312968390,1555312968866
7176,1555312968432,1555312968896
7177,1555312968474,1555312968925
7178,1555312968515,1555312968975
7179,1555312968556,1555312969035
7180,1555312968597,1555312969063
7181,1555312968639,1555312969106
7182,1555312968680,1555312969137
7183,1555312968721,1555312969183
7184,1555312968763,1555312969234
7185,1555312968804,1555312969241
7186,1555312968845,1555312969297
7187,1555312968888,1555312969347
7188,1555312968930,1555312969403
7189,1555312968972,1555312969449
7190,1555312969013,1555312969482
7191,1555312969054,1555312969506
7192,1555312969094,1555312969532
7193,1555312969135,1555312969585
7194,1555312969176,1555312969652
7195,1555312969218,1555312969668
7196,1555312969260,1555312969695
7197,1555312969302,1555312969746
7198,1555312969343,1555312969853
7199,1555312969384,1555312969866
7200,1555312969425,1555312969894
